"상병코드","상병명","국비","사비","계"
"A047","클로스트리듐 디피실리에 의한 장결장염","2","5","7"
"A049","상세불명의 세균성 장감염","1","0","1"
"A090","감염성 기원의 기타 및 상세불명의 위장염 및 결장염","6","9","15"
"A099","상세불명 기원의 위장염 및 결장염","39","22","61"
"A1511","배양만으로 확인된 공동이 없거나 상세불명의 폐결핵","2","0","2"
"A1600","세균학적 및 조직학적으로 음성인 공동이 있는 폐결핵","1","0","1"
"A1601","세균학적 및 조직학적으로 음성인 공동이 없거나 상세불명의 폐결핵","1","0","1"
"A1691","세균학적 또는 조직학적 확인에 대한 언급이 없는 공동이 없거나 상세불명의 호흡기결핵","0","2","2"
"A1883","심장의 결핵","2","1","3"
"A1888","기타 부위의 결핵","1","1","2"
"A410","황색포도구균에 의한 패혈증","1","0","1"
"A411","기타 명시된 포도구균에 의한 패혈증","1","0","1"
"A4159","상세불명의 그람음성균에 의한 패혈증","1","0","1"
"A4188","기타 명시된 패혈증","1","0","1"
"A419","상세불명의 패혈증","8","5","13"
"A46","단독(丹毒)","1","0","1"
"A488","기타 명시된 세균성 질환","1","0","1"
"A499","상세불명의 세균감염","2","0","2"
"A753","리케차 쯔쯔가무시에 의한 발진티푸스","1","4","5"
"B022","기타 신경계통 침범을 동반한 대상포진","3","2","5"
"B023","대상포진눈병","1","0","1"
"B029","합병증이 없는 대상포진","2","4","6"
"B07","바이러스사마귀","2","2","4"
"B09","피부 및 점막병변이 특징인 상세불명의 바이러스감염","0","1","1"
"B178","기타 명시된 급성 바이러스간염","0","2","2"
"B179","상세불명의 급성 바이러스간염","1","8","9"
"B180","델타-병원체가 있는 만성 바이러스B형간염","1","0","1"
"B1810","델타-병원체가 없는 만성 바이러스B형간염","3","4","7"
"B182","만성 바이러스C형간염","2","6","8"
"B279","상세불명의 감염성 단핵구증","0","1","1"
"B308","기타 바이러스결막염(H131*)","0","1","1"
"B349","상세불명의 바이러스감염","0","1","1"
"B351","손발톱백선","1","0","1"
"B359","상세불명의 백선증","0","1","1"
"B3788","기타 부위의 칸디다증","1","0","1"
"B379","상세불명의 칸디다증","0","1","1"
"B440","침습성 폐아스페르길루스증","1","0","1"
"B86","옴","1","2","3"
"B909","호흡기 및 상세불명 결핵의 후유증","1","2","3"
"B948","기타 명시된 감염성 및 기생충성 질환의 후유증","1","0","1"
"B952","다른 장에서 분류된 질환의 원인으로서의 D군연쇄구균 및 장내구균","7","0","7"
"B956","다른 장에서 분류된 질환의 원인으로서의 황색포도구균","13","1","14"
"B957","다른 장에서 분류된 질환의 원인으로서의 기타 포도구균","1","0","1"
"B958","다른 장에서 분류된 질환의 원인으로서의 상세불명의 포도구균","7","0","7"
"B961","다른 장에서 분류된 질환의 원인으로서의 폐렴막대균","10","2","12"
"B962","다른 장에서 분류된 질환의 원인으로서의 대장균","25","25","50"
"B964","다른 장에서 분류된 질환의 원인으로서의 프로테우스 (미라빌리스)(모르가니)","3","0","3"
"B965","다른 장에서 분류된 질환의 원인으로서의 슈도모나스 (아에루기노사)","8","1","9"
"B9680","다른 장에서 분류된 질환의 원인으로서의 아시네토박터바우마니","3","0","3"
"B9681","다른 장에서 분류된 질환의 원인으로서의 장내세균속균","5","0","5"
"C080","턱밑샘의 악성 신생물","0","1","1"
"C109","상세불명의 입인두의 악성 신생물","1","0","1"
"C154","식도의 중간 3분의1의 악성 신생물","1","0","1"
"C159","상세불명의 식도의 악성 신생물","2","0","2"
"C1609","분문의 악성 신생물, 상세불명","0","2","2"
"C1629","위의 체부의 악성 신생물, 상세불명","4","0","4"
"C1630","유문동의 악성 신생물, 조기","1","0","1"
"C1639","유문동의 악성 신생물, 상세불명","5","1","6"
"C1681","위의 중복병변의 악성 신생물, 진행형","0","1","1"
"C1691","상세불명의 위의 악성 신생물, 진행형","0","4","4"
"C1699","상세불명의 위의 악성 신생물, 상세불명","7","21","28"
"C180","맹장의 악성 신생물","0","1","1"
"C182","상행결장의 악성 신생물","1","2","3"
"C183","간굴곡의 악성 신생물","0","1","1"
"C184","횡행결장의 악성 신생물","1","0","1"
"C187","구불결장의 악성 신생물","1","4","5"
"C189","상세불명의 결장의 악성 신생물","0","2","2"
"C20","직장의 악성 신생물","5","2","7"
"C220","간세포암종의 악성 신생물","20","14","34"
"C221","간내담관암종의 악성 신생물","14","14","28"
"C23","담낭의 악성 신생물","1","4","5"
"C240","간외담관의 악성 신생물","3","8","11"
"C250","췌장의 두부의 악성 신생물","4","5","9"
"C251","췌장의 체부의 악성 신생물","0","1","1"
"C252","췌장의 꼬리의 악성 신생물","2","1","3"
"C259","상세불명의 췌장의 악성 신생물","4","9","13"
"C321","성문상의 악성 신생물","4","0","4"
"C3400","주기관지의 악성 신생물, 오른쪽","0","1","1"
"C3410","상엽, 기관지 또는 폐의 악성 신생물, 오른쪽","2","2","4"
"C3419","상엽, 기관지 또는 폐의 악성 신생물, 상세불명 쪽","1","0","1"
"C3430","하엽, 기관지 또는 폐의 악성 신생물, 오른쪽","0","4","4"
"C3431","하엽, 기관지 또는 폐의 악성 신생물, 왼쪽","1","3","4"
"C3490","상세불명의 기관지 또는 폐의 악성 신생물, 오른쪽","4","4","8"
"C3491","상세불명의 기관지 또는 폐의 악성 신생물, 왼쪽","1","3","4"
"C3499","상세불명의 기관지 또는 폐의 악성 신생물, 상세불명 쪽","28","17","45"
"C412","척주의 악성 신생물","0","2","2"
"C437","엉덩이를 포함한 다리의 악성 흑색종","0","1","1"
"C439","상세불명의 피부의 악성 흑색종","0","1","1"
"C442","귀 및 외이도의 피부의 악성 신생물","0","1","1"
"C449","상세불명의 피부의 악성 신생물","0","1","1"
"C459","상세불명의 중피종","1","1","2"
"C480","후복막의 악성 신생물","1","0","1"
"C491","어깨를 포함한 팔의 결합조직 및 연조직의 악성 신생물","1","0","1"
"C499","상세불명의 결합조직 및 연조직의 악성 신생물","0","1","1"
"C5099","상세불명의 유방의 악성 신생물, 상세불명 쪽","0","4","4"
"C539","상세불명의 자궁경부의 악성 신생물","0","2","2"
"C541","자궁내막의 악성 신생물","0","1","1"
"C569","난소의 악성 신생물, 상세불명 쪽","0","5","5"
"C61","전립선의 악성 신생물","77","27","104"
"C649","신우를 제외한 신장의 악성 신생물, 상세불명 쪽","2","2","4"
"C651","신우의 악성 신생물, 왼쪽","2","0","2"
"C660","요관의 악성 신생물, 오른쪽","1","0","1"
"C661","요관의 악성 신생물, 왼쪽","0","1","1"
"C669","요관의 악성 신생물, 상세불명 쪽","0","3","3"
"C672","방광의 측벽의 악성 신생물","0","1","1"
"C679","상세불명의 방광의 악성 신생물","21","9","30"
"C719","상세불명의 뇌의 악성 신생물","1","1","2"
"C73","갑상선의 악성 신생물","1","1","2"
"C7809","폐의 이차성 악성 신생물, 상세불명 쪽","6","2","8"
"C785","대장 및 직장의 이차성 악성 신생물","1","0","1"
"C786","후복막 및 복막의 이차성 악성 신생물","4","2","6"
"C787","간 및 간내 담관의 이차성 악성 신생물","1","2","3"
"C7930","뇌의 이차성 악성 신생물","5","2","7"
"C7931","뇌막의 이차성 악성 신생물","2","0","2"
"C7950","골의 이차성 악성 신생물","10","4","14"
"C7951","골수의 이차성 악성 신생물","3","0","3"
"C799","상세불명 부위의 이차성 악성 신생물","1","1","2"
"C809","원발부위 상세불명인 악성 신생물","1","0","1"
"C819","상세불명의 호지킨림프종","1","0","1"
"C8338","기타 및 상세불명의 미만성 대B-세포림프종","1","0","1"
"C851","상세불명의 B-세포림프종","0","1","1"
"C859","상세불명의 비호지킨림프종","1","1","2"
"C951","상세불명 세포형의 만성 백혈병","1","0","1"
"D090","방광의 제자리암종","17","3","20"
"D103","기타 및 상세불명 입 부분의 양성 신생물","1","0","1"
"D120","맹장의 양성 신생물","2","0","2"
"D122","상행결장의 양성 신생물","16","0","16"
"D123","횡행결장의 양성 신생물","8","0","8"
"D124","하행결장의 양성 신생물","4","0","4"
"D125","구불결장의 양성 신생물","10","1","11"
"D126","상세불명의 결장의 양성 신생물","7","1","8"
"D127","직장구불결장접합부의 양성 신생물","1","0","1"
"D128","직장의 양성 신생물","3","0","3"
"D129","항문 및 항문관의 양성 신생물","1","0","1"
"D131","위의 양성 신생물","16","5","21"
"D132","십이지장의 양성 신생물","1","0","1"
"D135","간외담관의 양성 신생물","8","7","15"
"D136","췌장의 양성 신생물","3","1","4"
"D150","흉선의 양성 신생물","0","1","1"
"D170","머리, 얼굴 및 목의 피부 및 피하조직의 양성 지방종성 신생물","0","2","2"
"D171","몸통의 피부 및 피하조직의 양성 지방종성 신생물","1","1","2"
"D1720","팔의 피부 및 피하조직의 양성 지방종성 신생물","2","0","2"
"D1721","다리의 피부 및 피하조직의 양성 지방종성 신생물","0","1","1"
"D173","기타 및 상세불명 부위의 피부 및 피하조직의 양성 지방종성 신생물","4","0","4"
"D179","상세불명의 양성 지방종성 신생물","1","2","3"
"D1802","간담도계의 혈관종","2","0","2"
"D1808","기타 부위의 혈관종","1","1","2"
"D1809","상세불명 부위의 혈관종","3","0","3"
"D181","림프관종, 모든 부위","0","1","1"
"D212","엉덩이를 포함한 다리의 결합조직 및 기타 연조직의 양성 신생물","0","1","1"
"D231","안각을 포함한 눈꺼풀의 피부의 양성 신생물","1","0","1"
"D290","음경의 양성 신생물","0","2","2"
"D329","상세불명의 수막의 양성 신생물","1","0","1"
"D350","부신의 양성 신생물","1","0","1"
"D361","말초신경 및 자율신경계통의 양성 신생물","1","0","1"
"D371","위의 행동양식 불명 또는 미상의 신생물","1","0","1"
"D375","직장의 행동양식 불명 또는 미상의 신생물","1","0","1"
"D376","간, 담낭 및 담관의 행동양식 불명 또는 미상의 신생물","3","1","4"
"D377","기타 소화기관의 행동양식 불명 또는 미상의 신생물","0","2","2"
"D381","기관, 기관지 및 폐의 행동양식 불명 또는 미상의 신생물","4","1","5"
"D4101","신장의 행동양식 불명 또는 미상의 신생물, 왼쪽","1","0","1"
"D414","방광의 행동양식 불명 또는 미상의 신생물","2","1","3"
"D429","상세불명의 수막의 행동양식 불명 또는 미상의 신생물","1","0","1"
"D469","상세불명의 골수형성이상증후군","2","0","2"
"D481","결합조직 및 기타 연조직의 행동양식 불명 또는 미상의 신생물","2","0","2"
"D487","기타 명시된 부위의 행동양식 불명 또는 미상의 신생물","2","0","2"
"D508","기타 철결핍빈혈","23","13","36"
"D509","상세불명의 철결핍빈혈","5","0","5"
"D528","기타 엽산결핍빈혈","0","3","3"
"D62","급성 출혈후 빈혈","1","1","2"
"D649","상세불명의 빈혈","13","17","30"
"D65","파종성 혈관내응고[탈피브린증후군]","0","1","1"
"D696","상세불명의 혈소판감소증","5","1","6"
"D708","기타 무과립구증","1","1","2"
"E038","기타 명시된 갑상선기능저하증","1","0","1"
"E039","상세불명의 갑상선기능저하증","21","11","32"
"E041","비독성 단순갑상선 결절","11","2","13"
"E058","기타 갑상선독증","0","1","1"
"E059","상세불명의 갑상선독증","1","3","4"
"E079","상세불명의 갑상선의 장애","1","1","2"
"E1032","당뇨병성 증식성 망막병증을 동반한 1형 당뇨병(H360*)","2","0","2"
"E1033","기타 및 상세불명의 망막병증을 동반한 1형 당뇨병(H360*)","1","0","1"
"E1040","당뇨병성 단일신경병증을 동반한 1형 당뇨병","4","1","5"
"E1041","당뇨병성 다발신경병증을 동반한 1형 당뇨병(G632*)","5","0","5"
"E1050","당뇨병성 말초혈관병증을 동반한, 괴저를 동반하지 않는 1형 당뇨병(I792*)","7","0","7"
"E1063","저혈당을 동반한 1형 당뇨병","1","0","1"
"E1078","기타 다발성 합병증을 동반한 1형 당뇨병","3","0","3"
"E108","상세불명의 합병증을 동반한 1형 당뇨병","6","0","6"
"E1100","고삼투압과 혼수를 동반한 2형 당뇨병","5","1","6"
"E1120","초기 당뇨병성 신장병증을 동반한 2형 당뇨병(N083*)","2","2","4"
"E1121","확정된 당뇨병성 신장병증을 동반한 2형 당뇨병(N083*)","1","0","1"
"E1122","말기신장병을 동반한 2형 당뇨병(N083*)","1","0","1"
"E1128","기타 및 상세불명의 신장합병증을 동반한 2형 당뇨병(N083*)","55","15","70"
"E1131","당뇨병성 비증식성 망막병증을 동반한 2형 당뇨병(H360*)","1","1","2"
"E1133","기타 및 상세불명의 망막병증을 동반한 2형 당뇨병(H360*)","1","3","4"
"E1140","당뇨병성 단일신경병증을 동반한 2형 당뇨병","6","0","6"
"E1141","당뇨병성 다발신경병증을 동반한 2형 당뇨병(G632*)","17","7","24"
"E1148","기타 및 상세불명의 신경학적 합병증을 동반한 2형 당뇨병","13","3","16"
"E1150","당뇨병성 말초혈관병증을 동반한, 괴저를 동반하지 않는 2형 당뇨병(I792*)","2","1","3"
"E1158","기타 및 상세불명의 순환계 합병증을 동반한 2형 당뇨병","3","0","3"
"E1162","구강 및 치주 합병증을 동반한 2형 당뇨병","1","0","1"
"E1163","저혈당을 동반한 2형 당뇨병","0","1","1"
"E1168","달리 분류되지 않은 기타 명시된 합병증을 동반한 2형 당뇨병","3","2","5"
"E1178","기타 다발성 합병증을 동반한 2형 당뇨병","4","4","8"
"E118","상세불명의 합병증을 동반한 2형 당뇨병","25","8","33"
"E119","합병증을 동반하지 않은 2형 당뇨병","206","95","301"
"E1410","케토산증을 동반한 상세불명의 당뇨병","0","1","1"
"E1428","기타 및 상세불명의 신장합병증을 동반한 상세불명의 당뇨병(N083*)","1","0","1"
"E1441","당뇨병성 다발신경병증을 동반한 상세불명의 당뇨병(G632*)","3","0","3"
"E1442","당뇨병성 자율신경병증을 동반한 상세불명의 당뇨병(G990*)","1","0","1"
"E1460","근골격 및 결합조직의 합병증을 동반한 상세불명의 당뇨병","1","0","1"
"E1470","당뇨병성 족부궤양을 동반한 상세불명의 당뇨병","0","2","2"
"E1478","기타 다발성 합병증을 동반한 상세불명의 당뇨병","3","2","5"
"E162","상세불명의 저혈당","4","4","8"
"E208","기타 부갑상선기능저하증","1","0","1"
"E209","상세불명의 부갑상선기능저하증","0","5","5"
"E271","원발성 부신피질부전","0","2","2"
"E274","기타 및 상세불명의 부신피질부전","2","0","2"
"E278","부신의 기타 명시된 장애","2","0","2"
"E350","달리 분류된 질환에서의 갑상선 장애","1","0","1"
"E780","순수 고콜레스테롤혈증","32","13","45"
"E781","순수 고글리세라이드혈증","1","0","1"
"E782","혼합성 고지질혈증","49","16","65"
"E784","기타 고지질혈증","2","0","2"
"E785","상세불명의 고지질혈증","21","10","31"
"E790","염증성 관절염 및 통풍성 질환의 징후가 없는 고뇨산혈증","2","0","2"
"E870","고오스몰랄농도 및 고나트륨혈증","4","0","4"
"E871","저오스몰랄농도 및 저나트륨혈증","13","15","28"
"E875","고칼륨혈증","11","3","14"
"E876","저칼륨혈증","2","5","7"
"F001","만기발병 알츠하이머병에서의 치매(G301†)","3","4","7"
"F009","상세불명의 알츠하이머병에서의 치매(G309†)","10","2","12"
"F03","상세불명의 치매","4","6","10"
"F058","기타 섬망","0","1","1"
"F059","상세불명의 섬망","5","8","13"
"F102","알콜의 의존증후군","1","0","1"
"F104","섬망을 동반한 알콜의 금단상태","1","0","1"
"F208","기타 조현병","0","1","1"
"F238","기타 급성 및 일과성 정신병장애","1","0","1"
"F29","상세불명의 비기질성 정신병","1","0","1"
"F320","경도 우울에피소드","14","0","14"
"F328","기타 우울에피소드","0","1","1"
"F329","상세불명의 우울에피소드","15","7","22"
"F409","상세불명의 공포성 불안장애","2","0","2"
"F411","범불안장애","5","0","5"
"F419","상세불명의 불안장애","5","1","6"
"F451","미분화신체형장애","1","0","1"
"F510","비기질성 불면증","8","8","16"
"G041","열대성 강직성 하반신마비","1","0","1"
"G049","상세불명의 뇌염, 척수염 및 뇌척수염","1","0","1"
"G20","파킨슨병","13","3","16"
"G22","달리 분류된 질환에서의 파킨슨증","1","0","1"
"G250","본태성 떨림","1","0","1"
"G251","약물유발 떨림","1","0","1"
"G258","기타 명시된 추체외로 및 운동 장애","2","2","4"
"G26","달리 분류된 질환에서의 추체외로 및 운동 장애","1","0","1"
"G300","조기발병을 수반한 알츠하이머병","0","2","2"
"G301","만기발병을 수반한 알츠하이머병","1","4","5"
"G309","상세불명의 알츠하이머병","4","2","6"
"G311","달리 분류되지 않은 뇌의 노년변성","0","1","1"
"G4051","난치성 뇌전증을 동반한 특별뇌전증증후군","1","0","1"
"G442","긴장형두통","0","2","2"
"G448","기타 명시된 두통증후군","1","0","1"
"G459","상세불명의 일과성 뇌허혈발작","1","1","2"
"G470","수면 개시 및 유지 장애[불면증]","8","8","16"
"G4730","폐색성 수면무호흡","2","0","2"
"G530","대상포진후신경통(B022†)","0","1","1"
"G546","통증을 동반한 환상지증후군","1","0","1"
"G551","추간판 장애에서의 신경근 및 신경총 압박(M50-M51†)","31","10","41"
"G560","손목터널증후군","3","6","9"
"G562","척골신경의 병변","1","0","1"
"G568","팔의 기타 단일신경병증","1","1","2"
"G589","상세불명의 단일신경병증","0","1","1"
"G590","당뇨병성 단일신경병증(4단위 및 5단위 숫자 40에 해당되는 E10-E14†)","4","1","5"
"G609","상세불명의 유전성 및 특발성 신경병증","2","0","2"
"G610","길랭-바레증후군","2","0","2"
"G629","상세불명의 다발신경병증","11","0","11"
"G632","당뇨병성 다발신경병증(4단위 및 5단위 숫자 41에 해당되는 E10-E14†)","28","7","35"
"G700","중증근무력증","1","0","1"
"G811","강직성 편마비","5","0","5"
"G819","상세불명의 편마비","19","4","23"
"G822","상세불명의 하반신마비","2","2","4"
"G825","상세불명의 사지마비","7","0","7"
"G834","말총증후군","1","0","1"
"G913","상세불명의 외상후 수두증","1","0","1"
"G919","상세불명의 수두증","4","0","4"
"G931","달리 분류되지 않은 무산소성 뇌손상","0","2","2"
"G959","척수의 상세불명 질환","2","1","3"
"G992","달리 분류된 질환에서의 척수병증","2","0","2"
"H0000","외맥립종","0","1","1"
"H0210","반흔성 안검외반","1","0","1"
"H0454","비루관의 후천적 협착","5","1","6"
"H1101","눈의 중심성 군날개","2","0","2"
"H1108","눈의 기타 및 상세불명의 군날개","2","3","5"
"H1181","결막이완","1","0","1"
"H131","달리 분류된 감염성 및 기생충성 질환에서의 결막염","0","1","1"
"H181","수포성 각막병증","1","0","1"
"H185","유전성 각막디스트로피","0","1","1"
"H212","홍채 및 섬모체의 변성","1","0","1"
"H2502","노년성 초기백내장, 양쪽","8","0","8"
"H2510","노년성 핵백내장, 오른쪽","23","4","27"
"H2511","노년성 핵백내장, 왼쪽","39","14","53"
"H2512","노년성 핵백내장, 양쪽","106","27","133"
"H2519","노년성 핵백내장, 상세불명 쪽","1","0","1"
"H2520","모르가니형 노년백내장, 오른쪽","0","1","1"
"H2590","상세불명의 노년백내장, 오른쪽","103","43","146"
"H2591","상세불명의 노년백내장, 왼쪽","85","62","147"
"H2592","상세불명의 노년백내장, 양쪽","71","33","104"
"H2599","상세불명의 노년백내장, 상세불명 쪽","1","0","1"
"H2610","외상성 백내장, 오른쪽","1","0","1"
"H2611","외상성 백내장, 왼쪽","1","1","2"
"H271","수정체의 탈구","3","0","3"
"H3300","단일열공이 있는 망막박리","1","0","1"
"H3309","상세불명의 망막열공이 있는 망막박리","2","0","2"
"H348","기타 망막혈관폐쇄","1","1","2"
"H3531","연령과 관련된 삼출성 황반변성","0","1","1"
"H3533","황반의 낭, 구멍 또는 거짓구멍","0","1","1"
"H3536","황반의 주름","5","0","5"
"H3580","망막부종","1","0","1"
"H359","상세불명의 망막장애","14","3","17"
"H360","당뇨병성 망막병증(4단위 및 5단위 숫자 30, 31, 32, 33에 해당되는 E10-E14+)","7","4","11"
"H400","녹내장 의심","2","0","2"
"H4010","저안압녹내장","2","0","2"
"H4012","수정체의 거짓낙설을 동반한 수정체낭성 녹내장","1","0","1"
"H4019","상세불명의 원발성 개방우각녹내장","30","1","31"
"H4029","상세불명의 원발성 폐쇄우각녹내장","1","0","1"
"H405","기타 눈장애에 따른 이차성 녹내장","2","0","2"
"H408","기타 녹내장","1","0","1"
"H4080","공막위정맥압의 증가를 동반한 녹내장","1","0","1"
"H409","상세불명의 녹내장","8","0","8"
"H431","유리체출혈","8","1","9"
"H4338","기타 유리체혼탁","2","0","2"
"H5019","상세불명의 외사시","1","0","1"
"H538","기타 시각장애","1","0","1"
"H6631","기타 만성 화농성 중이염, 양쪽","1","0","1"
"H701","만성 유돌염","1","0","1"
"H811","양성 발작성 현기증","0","1","1"
"H812","전정신경세포염","3","1","4"
"H8138","기타 말초성 현기증","0","1","1"
"H814","중추기원의 현기증","0","1","1"
"H905","상세불명의 감각신경성 청력소실","1","2","3"
"H9120","돌발성 특발성 청력소실, 한쪽","1","0","1"
"H9129","돌발성 특발성 청력소실, 상세불명 쪽","1","0","1"
"I059","상세불명의 승모판질환","1","0","1"
"I109","기타 및 상세불명의 원발성 고혈압","212","112","324"
"I110","(울혈성) 심부전을 동반한 고혈압성 심장병","17","14","31"
"I119","(울혈성) 심부전이 없는 고혈압성 심장병","4","0","4"
"I200","불안정협심증","35","16","51"
"I201","연축의 기재가 있는 협심증","24","8","32"
"I2080","비정형협심증","3","3","6"
"I2088","기타 형태의 협심증","381","85","466"
"I209","상세불명의 협심증","59","17","76"
"I214","급성 심내막하심근경색증","10","5","15"
"I219","상세불명의 급성 심근경색증","8","8","16"
"I251","죽상경화성 심장병","5","0","5"
"I252","오래된 심근경색증","13","8","21"
"I254","관상동맥류 및 박리","1","0","1"
"I255","허혈심근병증","5","6","11"
"I256","무증상성 심근허혈","0","2","2"
"I258","기타 형태의 만성 허혈심장병","0","1","1"
"I269","급성 폐심장증에 대한 언급이 없는 폐색전증","5","0","5"
"I313","심낭삼출액(비염증성)","2","1","3"
"I320","달리 분류된 세균성 질환에서의 심장막염","1","1","2"
"I330","급성 및 아급성 감염성 심내막염","1","0","1"
"I350","대동맥판협착","2","2","4"
"I351","대동맥판기능부전","1","0","1"
"I359","상세불명의 대동맥판장애","1","0","1"
"I38","상세불명 판막의 심내막염","0","2","2"
"I420","확장성 심근병증","9","7","16"
"I421","폐색성 비대성 심근병증","1","0","1"
"I422","기타 비대성 심근병증","2","3","5"
"I428","기타 심근병증","1","0","1"
"I429","상세불명의 심근병증","2","6","8"
"I441","방실차단, 2도","1","0","1"
"I442","완전방실차단","8","3","11"
"I443","기타 및 상세불명의 심방실차단","1","2","3"
"I447","상세불명의 좌각차단","2","1","3"
"I456","조기흥분증후군","1","1","2"
"I461","급성 심장사로 기술된 것","2","0","2"
"I469","상세불명의 심장정지","1","0","1"
"I471","상심실성 빈맥","12","8","20"
"I472","심실성 빈맥","2","4","6"
"I480","발작성 심방세동","58","22","80"
"I481","지속성 심방세동","46","29","75"
"I482","만성 심방세동","1","2","3"
"I483","전형적 심방조동","2","5","7"
"I484","비전형심방조동","3","1","4"
"I489","상세불명의 심방세동 및 심방조동","13","6","19"
"I493","심실조기탈분극","10","5","15"
"I495","동기능부전증후군","28","5","33"
"I499","상세불명의 심장부정맥","2","3","5"
"I5003","우심부전","1","0","1"
"I5004","수축기능부전을 동반한 울혈성 심부전","4","3","7"
"I5008","기타 및 상세불명의 울혈성 심부전","1","8","9"
"I501","좌심실부전","10","4","14"
"I509","상세불명의 심부전","46","20","66"
"I515","심근변성","1","1","2"
"I517","심장비대","0","1","1"
"I604","뇌기저동맥에서 기원한 거미막하출혈","0","1","1"
"I614","소뇌의 뇌내출혈","1","0","1"
"I619","상세불명의 뇌내출혈","3","4","7"
"I620","경막하출혈(급성)(비외상성)","0","3","3"
"I6331","전대뇌동맥의 혈전증에 의한 뇌경색증","1","1","2"
"I6340","중대뇌동맥의 색전증에 의한 뇌경색증","0","1","1"
"I6341","전대뇌동맥의 색전증에 의한 뇌경색증","0","1","1"
"I6349","상세불명의 대뇌동맥의 색전증에 의한 뇌경색증","0","1","1"
"I6352","후대뇌동맥의 상세불명 폐쇄 또는 협착에 의한 뇌경색증","1","2","3"
"I6359","상세불명의 대뇌동맥의 상세불명 폐쇄 또는 협착에 의한 뇌경색증","0","1","1"
"I638","기타 뇌경색증","34","14","48"
"I639","상세불명의 뇌경색증","14","8","22"
"I652","경동맥의 폐쇄 및 협착","12","1","13"
"I660","중대뇌동맥의 폐쇄 및 협착","2","1","3"
"I671","파열되지 않은 대뇌동맥류","4","3","7"
"I674","고혈압성 뇌병증","1","0","1"
"I679","상세불명의 뇌혈관질환","1","0","1"
"I691","뇌내출혈의 후유증","4","0","4"
"I693","뇌경색증의 후유증","23","4","27"
"I694","출혈 또는 경색증으로 명시되지 않은 뇌졸중의 후유증","3","0","3"
"I698","기타 및 상세불명의 뇌혈관질환의 후유증","1","0","1"
"I7010","괴저를 동반하지 않은 신장동맥의 죽상경화증","1","0","1"
"I7022","간헐성 파행을 동반한 사지동맥의 죽상경화증","17","6","23"
"I7025","괴저를 동반한 사지동맥의 죽상경화증","0","1","1"
"I7029","사지동맥의 상세불명 죽상경화증","43","1","44"
"I70830","괴저를 동반하지 않은 쇄골하동맥의 죽상경화증","2","0","2"
"I70881","괴저를 동반한 기타 동맥의 죽상경화증","1","0","1"
"I7109","상세불명 부위","1","0","1"
"I713","파열된 복부대동맥동맥류","1","0","1"
"I714","파열에 대한 언급이 없는 복부대동맥동맥류","10","4","14"
"I716","파열에 대한 언급이 없는 흉복부대동맥동맥류","5","1","6"
"I718","파열된 상세불명 부위의 대동맥동맥류","0","1","1"
"I719","파열에 대한 언급이 없는 상세불명 부위의 대동맥동맥류","1","0","1"
"I739","상세불명의 말초혈관병","20","3","23"
"I749","상세불명 동맥의 색전증 및 혈전증","2","0","2"
"I771","동맥의 협착","1","0","1"
"I792","달리 분류된 질환에서의 말초맥관병증","9","2","11"
"I802","하지의 기타 심부혈관의 정맥염 및 혈전정맥염","2","1","3"
"I803","상세불명의 하지의 정맥염 및 혈전정맥염","1","0","1"
"I809","상세불명 부위의 정맥염 및 혈전정맥염","2","0","2"
"I839","궤양 또는 염증이 없는 하지의 정맥류","6","4","10"
"I8591","출혈이 없는 식도정맥류, 이차성","1","1","2"
"I861","음낭정맥류","1","0","1"
"I871","정맥의 압박","0","1","1"
"I872","정맥기능부전(만성)(말초성)","4","0","4"
"I880","비특이성 장간막림프절염","1","0","1"
"I890","달리 분류되지 않은 림프부종","0","1","1"
"I951","기립성 저혈압","6","2","8"
"I959","상세불명의 저혈압","2","0","2"
"I982","달리 분류된 질환에서의 출혈을 동반하지 않은 식도정맥류","1","0","1"
"J029","상세불명의 급성 인두염","1","0","1"
"J0390","재발성으로 명시되어 있지 않은 상세불명의 급성 편도염","0","2","2"
"J069","상세불명의 급성 상기도감염","2","2","4"
"J100","계절성 인플루엔자바이러스가 확인된, 폐렴을 동반한 인플루엔자","1","0","1"
"J101","계절성 인플루엔자바이러스가 확인된, 기타 호흡기 증상을 동반한 인플루엔자","3","6","9"
"J108","계절성 인플루엔자바이러스가 확인된, 기타 증상을 동반한 인플루엔자","6","3","9"
"J1288","기타 바이러스폐렴","1","1","2"
"J129","상세불명의 바이러스폐렴","0","43","43"
"J150","폐렴간균에 의한 폐렴","1","0","1"
"J151","슈도모나스에 의한 폐렴","3","0","3"
"J152","포도구균에 의한 폐렴","1","0","1"
"J155","대장균에 의한 폐렴","1","0","1"
"J159","상세불명의 세균성 폐렴","12","3","15"
"J168","기타 명시된 감염성 병원체에 의한 폐렴","0","2","2"
"J178","달리 분류된 기타 질환에서의 폐렴","1","0","1"
"J180","상세불명의 기관지폐렴","2","1","3"
"J188","상세불명 병원체의 기타 폐렴","1","0","1"
"J189","상세불명의 폐렴","111","67","178"
"J209","상세불명의 급성 기관지염","8","6","14"
"J210","호흡기세포융합바이러스에 의한 급성 세기관지염","0","1","1"
"J219","상세불명의 급성 세기관지염","1","0","1"
"J301","화분에 의한 앨러지비염","1","0","1"
"J304","상세불명의 앨러지비염","2","1","3"
"J329","상세불명의 만성 부비동염","3","2","5"
"J330","비강의 폴립","0","1","1"
"J339","상세불명의 코폴립","2","2","4"
"J340","코의 농양, 종기 및 큰종기","1","0","1"
"J343","코선반의 비대","1","0","1"
"J351","편도의 비대","1","1","2"
"J382","성대의 소결절","0","1","1"
"J40","급성인지 만성인지 명시되지 않은 기관지염","5","1","6"
"J410","단순 만성 기관지염","3","0","3"
"J42","상세불명의 만성 기관지염","16","6","22"
"J4400","급성 하기도감염을 동반한 만성 폐색성 폐질환, 경도","9","2","11"
"J4410","급성 악화를 동반한 상세불명의 만성 폐색성 폐질환, 경도","5","3","8"
"J4411","급성 악화를 동반한 상세불명의 만성 폐쇄성 폐질환, 중등도","2","0","2"
"J4412","급성 악화를 동반한 상세불명의 만성 폐색성 폐질환, 중증","3","0","3"
"J4419","급성 악화를 동반한 상세불명의 만성 폐색성 폐질환, 상세불명","8","0","8"
"J4480","기타 명시된 만성 폐색성 폐질환, 경도","2","0","2"
"J4481","기타 명시된 만성 폐색성 폐질환, 중등도","2","1","3"
"J4482","기타 명시된 만성 폐색성 폐질환, 중증","2","0","2"
"J449","상세불명의 만성 폐색성 폐질환","1","0","1"
"J4490","상세불명의 만성 폐색성 폐질환, 경도","6","0","6"
"J4491","상세불명의 만성 폐색성 폐질환, 중등도","8","2","10"
"J4492","상세불명의 만성 폐색성 폐질환, 중증","3","1","4"
"J4499","상세불명의 만성 폐색성 폐질환, 상세불명","25","6","31"
"J4500","기침(이)형천식","1","1","2"
"J4502","기타 앨러지천식, 중등도 지속성","0","1","1"
"J459","상세불명의 천식","6","3","9"
"J47","기관지확장증","2","6","8"
"J690","음식 또는 구토물에 의한 폐렴","13","15","28"
"J698","기타 고체 및 액체에 의한 폐렴","2","0","2"
"J8418","섬유증을 동반한 기타 간질성 폐질환","8","0","8"
"J90","달리 분류되지 않은 흉막삼출액","11","5","16"
"J91","달리 분류된 병태에서의 흉막삼출액","1","0","1"
"J939","상세불명의 기흉","3","5","8"
"J9600","급성 호흡부전, I형[저산소성]","1","2","3"
"J9609","급성 호흡부전, 상세불명형","1","0","1"
"J9690","상세불명의 호흡부전, I형[저산소성]","0","1","1"
"J9810","무기폐","2","0","2"
"J9818","기타 폐허탈","0","1","1"
"J9840","고립성 폐결절","2","1","3"
"K029","상세불명의 치아우식","1","0","1"
"K047","동이 없는 근단주위농양","0","1","1"
"K0532","만성 치관주위염","2","0","2"
"K115","타석증","2","0","2"
"K119","침샘의 상세불명 질환","1","0","1"
"K121","구내염의 기타 형태","1","0","1"
"K140","설염","1","0","1"
"K20","식도염","1","0","1"
"K210","식도염을 동반한 위-식도역류병","57","27","84"
"K219","식도염을 동반하지 않은 위-식도역류병","13","1","14"
"K226","위-식도열상-출혈증후군","1","1","2"
"K2501","출혈이 있는 급성 위궤양","15","6","21"
"K2531","출혈 또는 천공이 없는 급성 위궤양","1","2","3"
"K2541","출혈이 있는 만성 또는 상세불명 위궤양","1","0","1"
"K2571","출혈 또는 천공이없는 만성 위궤양","2","4","6"
"K2591","출혈 또는 천공이 없는 급성인지 만성인지 상세불명인 위궤양","4","1","5"
"K260","출혈이 있는 급성 십이지장궤양","1","0","1"
"K263","출혈 또는 천공이 없는 급성 십이지장궤양","0","1","1"
"K269","출혈 또는 천공이 없는 급성인지 만성인지 상세불명인 십이지장궤양","4","0","4"
"K277","출혈 또는 천공이 없는 만성 상세불명 부위의 소화성 궤양","1","0","1"
"K279","출혈 또는 천공이 없는 급성인지 만성인지 상세불명인 상세불명 부위의 소화성 궤양","0","1","1"
"K291","기타 급성 위염","1","2","3"
"K293","만성 표재성 위염","10","0","10"
"K294","만성 위축성 위염","5","3","8"
"K295","상세불명의 만성 위염","5","3","8"
"K296","기타 위염","1","0","1"
"K297","상세불명의 위염","24","5","29"
"K298","십이지장염","0","1","1"
"K299","상세불명의 위십이지장염","1","0","1"
"K30","기능성 소화불량","14","2","16"
"K317","위 및 십이지장의 폴립","3","0","3"
"K3188","위 및 십이지장의 기타 명시된 질환","0","1","1"
"K352","범복막염을 동반한 급성 충수염","1","1","2"
"K353","국소복막염을 동반한 급성 충수염","0","1","1"
"K358","기타 및 상세불명의 급성 충수염","6","5","11"
"K36","기타 충수염","1","0","1"
"K388","충수의 기타 명시된 질환","1","1","2"
"K4020","재발성으로 명시되어 있지 않은, 폐색 또는 괴저가 없는 양쪽 사타구니탈장","0","1","1"
"K4030","재발성으로 명시되어 있지 않은, 폐색은 있지만 괴저가 없는 한쪽 또는 상세불명의 사타구니탈장","1","0","1"
"K4090","재발성으로 명시되어 있지 않은, 폐색 또는 괴저가 없는 한쪽 또는 상세불명의 사타구니탈장","22","18","40"
"K4091","재발성, 폐색 또는 괴저가 없는 한쪽 또는 상세불명의 사타구니탈장","1","0","1"
"K432","폐색 또는 괴저가 없는 절개탈장","2","0","2"
"K439","폐색 또는 괴저가 없는 기타 및 상세불명의 복벽탈장","2","0","2"
"K449","폐색 또는 괴저가 없는 횡격막탈장","3","0","3"
"K515","좌측 결장염","0","1","1"
"K529","상세불명의 비감염성 위장염 및 결장염","2","0","2"
"K559","장의 상세불명의 혈관장애","3","1","4"
"K560","마비성 장폐색증","1","0","1"
"K562","장염전","1","1","2"
"K564","장의 기타 감입","1","2","3"
"K565","폐색을 동반한 장유착[띠]","2","0","2"
"K566","기타 및 상세불명의 장폐색","5","2","7"
"K567","상세불명의 장폐색증","5","1","6"
"K5700","출혈을 동반하지 않은 천공 및 농양이 있는 소장의 게실병, 게실증","0","1","1"
"K5710","출혈을 동반하지 않은 천공 또는 농양이 없는 소장의 게실병, 게실증","0","1","1"
"K5732","출혈을 동반하지 않은 천공 또는 농양이 없는 대장의 게실병, 게실염","4","2","6"
"K5792","출혈을 동반하지 않은 천공 또는 농양이 없는 상세불명 부분의 장의 게실병, 게실염","0","2","2"
"K580","설사를 동반한 과민대장증후군","16","2","18"
"K589","설사를 동반하지 않은 과민대장증후군","3","0","3"
"K5900","서행성 변비","4","6","10"
"K5909","기타 및 상세불명 변비","17","7","24"
"K591","기능성 설사","3","0","3"
"K5981","결장거짓폐색","1","0","1"
"K599","상세불명의 기능성 장장애","0","1","1"
"K603","항문루","4","1","5"
"K628","항문 및 직장의 기타 명시된 질환","1","0","1"
"K6358","결장의 기타 폴립","4","0","4"
"K6359","결장의 상세불명 폴립","7","4","11"
"K641","2도 치핵","1","0","1"
"K642","3도 치핵","1","0","1"
"K648","기타 명시된 치핵","1","0","1"
"K649","상세불명의 치핵","6","2","8"
"K650","급성 복막염","1","0","1"
"K659","상세불명의 복막염","1","0","1"
"K7010","복수를 동반하지 않은 알코올성 간염","3","1","4"
"K7011","복수를 동반한 알코올성 간염","0","1","1"
"K7030","복수를 동반하지 않은 알콜성 간경변증","2","0","2"
"K7031","복수를 동반한 알콜성 간경변증","0","3","3"
"K709","상세불명의 알콜성 간질환","18","4","22"
"K710","담즙정체를 동반한 독성간질환","1","0","1"
"K716","달리 분류되지 않은 간염을 동반한 독성간질환","5","6","11"
"K719","상세불명의 독성간질환","0","1","1"
"K7200","혼수를 동반하지 않은 급성 및 아급성 간부전","0","1","1"
"K7290","혼수를 동반하지 않은 상세불명의 간부전","1","1","2"
"K7291","혼수를 동반한 상세불명의 간부전","0","1","1"
"K739","상세불명의 만성 간염","1","0","1"
"K7460","간의 기타 및 상세불명의 경변증, 차일드-퍼 A","1","0","1"
"K7461","간의 기타 및 상세불명의 경변증, 차일드-퍼 B","7","0","7"
"K7462","간의 기타 및 상세불명의 경변증, 차일드-퍼 C","2","1","3"
"K7469","간의 기타 및 상세불명의 경변증,상세불명","1","1","2"
"K750","간의 농양","4","1","5"
"K759","상세불명의 염증성 간질환","2","8","10"
"K760","달리 분류되지 않은 지방(변화성)간","7","2","9"
"K768","기타 명시된 간질환","2","0","2"
"K769","상세불명의 간질환","5","1","6"
"K8000","폐색의 언급이 없는 급성 담낭염을 동반한 담낭의 결석","13","2","15"
"K8001","폐색을 동반한 급성 담낭염을 동반한 담낭의 결석","0","1","1"
"K8010","폐색의 언급이 없는 기타 담낭염을 동반한 담낭의 결석","28","24","52"
"K8020","폐색의 언급이 없는 담낭염이 없는 담낭의 결석","8","3","11"
"K8030","폐색의 언급이 없는 담관염을 동반한 담관 결석","1","0","1"
"K8040","폐색의 언급이 없는 담낭염을 동반한 담관결석","3","0","3"
"K8050","폐색의 언급이 없는 담관염 또는 담낭염이 없는 담관결석","2","2","4"
"K810","급성 담낭염","3","2","5"
"K811","만성 담낭염","7","10","17"
"K819","상세불명의 담낭염","1","1","2"
"K828","담낭의 기타 명시된 질환","5","4","9"
"K830","담관염","3","4","7"
"K839","담도의 상세불명의 질환","2","0","2"
"K851","담도 급성 췌장염","1","0","1"
"K859","상세불명의 급성 췌장염","6","6","12"
"K860","알콜유발 만성 췌장염","1","0","1"
"K861","기타 만성 췌장염","3","0","3"
"K863","췌장의 가성낭","1","0","1"
"K869","췌장의 상세불명의 질환","1","0","1"
"K911","위수술후증후군","11","0","11"
"K920","토혈","2","0","2"
"K921","흑색변","2","0","2"
"K922","상세불명의 위장출혈","6","3","9"
"L0220","몸통의 피부농양","0","1","1"
"L0230","둔부의 피부농양","3","1","4"
"L0240","사지의 피부농양","3","0","3"
"L0290","상세불명의 피부농양","3","2","5"
"L0300","손가락의 연조직염","2","0","2"
"L0301","발가락의 연조직염","2","0","2"
"L0310","팔의 연조직염","3","3","6"
"L0311","다리의 연조직염","13","1","14"
"L038","기타 부위의 연조직염","1","0","1"
"L039","상세불명의 연조직염","9","4","13"
"L059","농양이 없는 모소낭","0","1","1"
"L089","피부 및 피하조직의 상세불명의 국소감염","1","0","1"
"L270","약물 및 약제에 의한 전신피부발진","1","4","5"
"L271","약물 및 약제에 의한 국소피부발진","1","0","1"
"L299","상세불명의 가려움","1","1","2"
"L308","기타 명시된 피부염","1","0","1"
"L5088","기타 두드러기","1","0","1"
"L600","내향성 손발톱","6","2","8"
"L720","표피낭","5","3","8"
"L82","지루각화증","1","0","1"
"L84","티눈 및 굳은살","1","0","1"
"L899","상세불명의 욕창궤양 및 압박부위","5","2","7"
"L97","달리 분류되지 않은 다리의 궤양","0","1","1"
"L982","발열성 호중구피부증[스위트]","0","1","1"
"L984","달리 분류되지 않은 피부의 만성 궤양","0","2","2"
"M0091","상세불명의 화농성 관절염, 어깨부분","0","1","1"
"M0093","상세불명의 화농성 관절염, 아래팔","1","0","1"
"M0095","상세불명의 화농성 관절염, 골반 부분 및 대퇴","1","0","1"
"M0096","상세불명의 화농성 관절염, 아래다리","9","6","15"
"M0530","기타 기관 및 계통의 침범을 동반한 류마티스관절염, 여러 부위","0","1","1"
"M0600","혈청검사음성 류마티스관절염, 여러 부위","0","1","1"
"M1000","특발성 통풍, 여러 부위","2","0","2"
"M1004","특발성 통풍, 손","0","1","1"
"M1009","특발성 통풍, 상세불명 부분","1","0","1"
"M1090","상세불명의 통풍, 여러 부위","1","0","1"
"M1096","상세불명의 통풍, 아래다리","0","1","1"
"M1097","상세불명의 통풍, 발목 및 발","1","1","2"
"M1098","상세불명의 통풍, 기타 부분","1","0","1"
"M1099","상세불명의 통풍, 상세불명 부분","3","4","7"
"M1386","기타 명시된 관절염, 아래다리","0","1","1"
"M1387","기타 명시된 관절염, 발목 및 발","1","0","1"
"M1391","상세불명의 관절염, 어깨부분","2","0","2"
"M1395","상세불명의 관절염, 골반 부분 및 대퇴","0","1","1"
"M150","원발성 전신(골)관절증","2","0","2"
"M151","(관절병증을 동반한) 헤베르덴결절","1","0","1"
"M159","상세불명의 다발관절증","1","0","1"
"M169","상세불명의 고관절증","1","1","2"
"M173","기타 외상후 무릎관절증","0","1","1"
"M179","상세불명의 무릎관절증","75","114","189"
"M184","제1수근중수관절의 기타 양쪽 이차성 관절증","0","1","1"
"M1901","기타 관절의 원발성 관절증, 어깨부분","4","0","4"
"M1991","상세불명의 관절증, 어깨부분","1","0","1"
"M1993","상세불명의 관절증, 아래팔","1","0","1"
"M1996","상세불명의 관절증, 아래다리","5","1","6"
"M1997","상세불명의 관절증, 발목 및 발","1","1","2"
"M1998","상세불명의 관절증, 기타 부분","2","1","3"
"M1999","상세불명의 관절증, 상세불명 부분","1","4","5"
"M201","외반무지(후천성)","10","13","23"
"M202","강직무지","1","0","1"
"M2321","오래된 찢김 또는 손상으로 인한 반달연골의 장애, 내측반달연골","5","2","7"
"M2322","오래된 찢김 또는 손상으로 인한 반달연골의 장애, 외측반달연골","3","0","3"
"M2329","오래된 찢김 또는 손상으로 인한 반달연골의 장애, 상세불명의 연골 또는 인대","2","1","3"
"M2339","기타 반달연골장애, 상세불명의 연골 또는 인대","1","0","1"
"M2393","무릎의 상세불명의 내부장애, 전십자인대","1","0","1"
"M2461","관절의 강직증, 어깨부분","3","0","3"
"M2469","관절의 강직증, 상세불명 부분","0","1","1"
"M2506","혈관절증, 아래다리","2","0","2"
"M2509","혈관절증, 상세불명 부분","0","1","1"
"M2556","관절통, 아래다리","5","1","6"
"M2557","관절통, 발목 및 발","1","0","1"
"M2595","상세불명의 관절장애, 골반 부분 및 대퇴","1","0","1"
"M350","건조증후군[쉐그렌]","1","0","1"
"M3529","상세불명의 베체트병","0","1","1"
"M353","류마티스성 다발근통","1","0","1"
"M4316","척추전방전위증, 요추부","7","1","8"
"M4317","척추전방전위증, 요천부","3","0","3"
"M4319","척추전방전위증, 상세불명의 부위","6","0","6"
"M452","강직척추염, 경부","0","1","1"
"M4654","기타 감염성 척추병증, 흉추부","1","0","1"
"M4656","기타 감염성 척추병증, 요추부","2","0","2"
"M4659","기타 감염성 척추병증, 상세불명의 부위","1","2","3"
"M4686","기타 명시된 염증성 척추병증, 요추부","1","0","1"
"M4789","기타 척추증, 상세불명의 부위","1","0","1"
"M4796","상세불명의 척추증, 요추부","1","0","1"
"M4800","척추협착, 척추의 여러 부위","4","0","4"
"M4802","척추협착, 경부","4","2","6"
"M4806","척추협착, 요추부","181","43","224"
"M4807","척추협착, 요천부","8","0","8"
"M4809","척추협착, 상세불명의 부위","1","1","2"
"M4846","척추의 피로골절, 요추부","0","2","2"
"M4854","달리 분류되지 않은 허탈척추, 흉추부","10","3","13"
"M4855","달리 분류되지 않은 허탈척추, 흉요추부","2","2","4"
"M4856","달리 분류되지 않은 허탈척추, 요추부","5","15","20"
"M4857","달리 분류되지 않은 허탈척추, 요천부","1","0","1"
"M4859","달리 분류되지 않은 허탈척추, 상세불명의 부위","3","3","6"
"M4886","기타 명시된 척추병증, 요추부","7","1","8"
"M4887","기타 명시된 척추병증, 요천부","6","0","6"
"M4889","기타 명시된 척추병증, 상세불명의 부위","4","0","4"
"M501","신경뿌리병증을 동반한 경추간판장애","2","0","2"
"M502","기타 경추간판전위","5","1","6"
"M509","상세불명의 경추간판장애","2","1","3"
"M510","척수병증을 동반한 요추 및 기타 추간판장애(G992*)","5","0","5"
"M511","신경뿌리병증을 동반한 요추 및 기타 추간판장애(G551*)","33","10","43"
"M512","기타 명시된 추간판전위","90","21","111"
"M5417","신경뿌리병증, 요천부","1","0","1"
"M5455","요통, 흉요추부","1","0","1"
"M5456","요통, 요추부","1","0","1"
"M5459","요통, 상세불명의 부위","1","0","1"
"M6269","근육긴장, 상세불명 부분","1","1","2"
"M6289","근육의 기타 명시된 장애, 상세불명 부분","0","1","1"
"M6534","방아쇠손가락, 손","4","1","5"
"M6539","방아쇠손가락, 상세불명 부분","1","0","1"
"M6589","기타 윤활막염 및 힘줄윤활막염, 상세불명 부분","1","1","2"
"M6594","상세불명의 윤활막염 및 힘줄윤활막염, 손","0","1","1"
"M6596","상세불명의 윤활막염 및 힘줄윤활막염, 아래다리","1","0","1"
"M6743","결절종, 아래팔","2","0","2"
"M6744","결절종, 손","1","0","1"
"M6747","결절종, 발목 및 발","1","0","1"
"M6749","결절종, 상세불명 부분","1","0","1"
"M6791","윤활막 및 힘줄의 상세불명 장애, 어깨부분","0","1","1"
"M702","주두윤활낭염","1","0","1"
"M703","팔꿈치의 기타 윤활낭염","1","0","1"
"M704","무릎뼈앞윤활낭염","1","0","1"
"M705","무릎의 기타 윤활낭염","0","1","1"
"M707","고관절의 기타 윤활낭염","1","0","1"
"M7117","기타 감염성 윤활낭염, 발목 및 발","1","0","1"
"M7119","기타 감염성 윤활낭염, 상세불명 부분","0","3","3"
"M712","오금의 윤활막낭[베이커]","0","1","1"
"M720","손바닥근막성 섬유종증(뒤퓌트랑)","3","0","3"
"M722","발바닥근막성 섬유종증","1","0","1"
"M72950","근막염 NOS, 골반 부분 및 대퇴","0","1","1"
"M750","어깨의 유착성 관절낭염","4","0","4"
"M751","회전근개증후군","63","31","94"
"M753","어깨의 석회성 힘줄염","3","0","3"
"M754","어깨의 충격증후군","4","2","6"
"M755","어깨의 윤활낭염","1","0","1"
"M7687","발을 제외한 다리의 기타 골부착부병증, 발목 및 발","5","0","5"
"M7689","발을 제외한 다리의 기타 골부착부병증, 상세불명 부분","3","1","4"
"M771","외측상과염","0","1","1"
"M79108","기타 근통, 여러 부위","3","0","3"
"M79110","근근막통증후군, 어깨부분","0","1","1"
"M79198","기타 근통, 상세불명 부분","1","0","1"
"M7922","상세불명의 신경통 및 신경염, 위팔","4","0","4"
"M7956","연조직내의 잔류이물, 아래다리","1","0","1"
"M7965","사지의 통증, 골반 부분 및 대퇴","1","0","1"
"M7974","섬유근통, 손","1","0","1"
"M7976","섬유근통, 아래다리","1","0","1"
"M7979","섬유근통, 상세불명 부분","4","0","4"
"M7988","기타 명시된 연조직장애, 기타 부분","0","1","1"
"M8020","병적 골절을 동반한 불용성 골다공증, 여러 부위","1","0","1"
"M8029","병적 골절을 동반한 불용성 골다공증, 상세불명 부분","0","1","1"
"M8088","병적 골절을 동반한 기타 골다공증, 기타 부분","1","0","1"
"M8098","병적 골절을 동반한 상세불명의 골다공증, 기타 부분","0","1","1"
"M8185","기타 골다공증, 골반 부분 및 대퇴","0","4","4"
"M8188","기타 골다공증, 기타 부분","4","4","8"
"M8189","기타 골다공증, 상세불명 부분","12","1","13"
"M8198","상세불명의 골다공증, 기타 부분","2","0","2"
"M8199","상세불명의 골다공증, 상세불명 부분","6","2","8"
"M8403","골절의 부정유합, 아래팔","1","0","1"
"M8418","골절불유합(가관절증), 기타 부분","2","0","2"
"M8435","달리 분류되지 않은 스트레스골절, 골반 부분 및 대퇴","1","0","1"
"M8448","달리 분류되지 않은 병적 골절, 기타 부분","1","0","1"
"M8637","만성 다초점 골수염, 발목 및 발","2","0","2"
"M8697","상세불명의 골수염, 발목 및 발","3","2","5"
"M87110","사구 종양 NOS","1","0","1"
"M8785","기타 골괴사, 골반 부분 및 대퇴","4","1","5"
"M8791","상세불명의 골괴사, 어깨부분","1","0","1"
"M8795","상세불명의 골괴사, 골반 부분 및 대퇴","2","3","5"
"M8796","상세불명의 골괴사, 아래다리","1","0","1"
"M88940","혈관근종","0","1","1"
"M939","상세불명의 골연골병증","0","2","2"
"M961","달리 분류되지 않은 척추후궁절제후증후군","18","4","22"
"M966","정형외과적 삽입물, 인공관절 또는 골판의 삽입에 따른 뼈의 골절","0","2","2"
"N049","상세불명의 신증후군","0","1","1"
"N059","상세불명의 상세불명의 신염증후군","0","1","1"
"N083","당뇨병에서의 사구체장애(4단위 2-에 해당되는 E10-E14†)","44","14","58"
"N10","급성 세뇨관-간질신장염","3","15","18"
"N178","기타 급성 신부전","7","0","7"
"N179","상세불명의 급성 신부전","19","8","27"
"N182","만성 신장병(2기)","2","0","2"
"N183","만성 신장병(3기)","10","4","14"
"N184","만성 신장병(4기)","31","9","40"
"N185","만성 신장병(5기)","36","22","58"
"N189","상세불명의 만성 신장병","36","19","55"
"N19","상세불명의 신부전","2","0","2"
"N201","요관의 결석","2","2","4"
"N210","방광의 결석","4","2","6"
"N281","후천성 신장의 낭","2","3","5"
"N300","급성 방광염","0","1","1"
"N302","기타 만성 방광염","6","2","8"
"N308","기타 방광염","1","0","1"
"N309","상세불명의 방광염","0","1","1"
"N318","방광의 기타 신경근육기능장애","0","1","1"
"N319","방광의 상세불명의 신경근육기능장애","14","15","29"
"N320","방광경부폐색","4","2","6"
"N328","방광의 기타 명시된 장애","0","1","1"
"N359","상세불명의 요도협착","7","3","10"
"N390","부위가 명시되지 않은 요로감염","65","39","104"
"N393","스트레스요실금","0","8","8"
"N3948","기타 명시된 요실금","1","0","1"
"N400","합병증을 동반하지 않은 전립선증식증","170","82","252"
"N401","요로 폐색을 동반한 전립선증식증","1","2","3"
"N402","혈뇨를 동반한 전립선증식증","1","3","4"
"N411","만성 전립선염","1","1","2"
"N433","상세불명의 음낭수종","5","0","5"
"N4500","농양을 동반한 부고환염","1","1","2"
"N4590","농양을 동반하지 않은 부고환염","0","1","1"
"N4592","농양을 동반하지 않은 부고환-고환염","0","3","3"
"N4820","음경의 농양","1","0","1"
"N488","음경의 기타 명시된 장애","0","1","1"
"N62","유방의 비대","2","0","2"
"N719","상세불명의 자궁의 염증성 질환","0","1","1"
"Q2110","개존 또는 지속성 난원공","1","1","2"
"Q444","총담관낭","1","0","1"
"Q643","요도 및 방광경부의 기타 폐쇄 및 협착","0","1","1"
"Q669","발의 상세불명의 선천변형","0","2","2"
"Q850","신경섬유종증(비악성)","0","1","1"
"R001","상세불명의 서맥","1","0","1"
"R002","두근거림","3","5","8"
"R02","달리 분류되지 않은 괴저","4","1","5"
"R030","고혈압의 진단 없이 혈압수치 상승","0","1","1"
"R031","비특이성 낮은 혈압수치","1","0","1"
"R042","객혈","3","0","3"
"R05","기침","0","3","3"
"R060","호흡곤란","5","7","12"
"R074","상세불명의 흉통","55","36","91"
"R093","이상가래","1","0","1"
"R1049","상세불명의 복통","3","4","7"
"R111","구역","6","2","8"
"R112","구토","1","3","4"
"R113","구토를 동반한 구역","3","0","3"
"R13","삼킴곤란","2","0","2"
"R17","상세불명의 황달","1","0","1"
"R18","복수","0","3","3"
"R190","복강내 및 골반의 부기, 종괴 및 덩이","0","1","1"
"R251","상세불명의 떨림","1","0","1"
"R268","보행 및 이동의 기타 및 상세불명 이상","7","0","7"
"R310","육안적 혈뇨","5","1","6"
"R311","현미경적 혈뇨","1","0","1"
"R32","상세불명의 요실금","1","0","1"
"R33","소변정체","1","4","5"
"R351","야간다뇨","0","1","1"
"R352","기타 야간뇨","0","1","1"
"R42","어지럼증 및 어지럼","16","4","20"
"R448","일반적 감각 및 지각에 관련된 기타 및 상세불명의 증상 및 징후","0","1","1"
"R470","언어장애 및 실어증(失語症)","1","0","1"
"R471","구음장애 및 무조음증","1","0","1"
"R508","기타 명시된 열","1","0","1"
"R509","상세불명의 열","14","4","18"
"R51","두통","6","3","9"
"R529","상세불명의 통증","1","1","2"
"R53","병감 및 피로","37","10","47"
"R54","노쇠","0","1","1"
"R550","혈관미주신경성 실신","5","0","5"
"R558","기타 실신 및 허탈","4","4","8"
"R568","기타 및 상세불명의 경련","1","3","4"
"R572","패혈성 쇼크","6","1","7"
"R590","국소림프절비대","2","0","2"
"R591","전신림프절비대","0","1","1"
"R600","국소부종","1","1","2"
"R601","전신부종","2","5","7"
"R609","상세불명의 부종","3","0","3"
"R630","식욕부진","2","0","2"
"R634","이상체중감소","2","0","2"
"R688","기타 명시된 전신 증상 및 징후","1","1","2"
"R730","이상포도당내성검사","2","0","2"
"R798","혈액화학의 기타 명시된 이상소견","2","0","2"
"R91","폐의 진단영상검사상 이상소견","5","2","7"
"R945","간기능검사의 이상결과","3","6","9"
"S010","두피의 열린상처","2","0","2"
"S011","눈꺼풀 및 눈주위의 열린상처","1","1","2"
"S018","머리의 기타 부분의 열린상처","1","1","2"
"S02470","관골궁의 골절, 폐쇄성","1","0","1"
"S02840","안와 내벽의 골절, 폐쇄성","1","0","1"
"S052","안구내조직의 탈출 또는 손실을 동반한 안구열상 및 파열","0","1","1"
"S0600","열린 두개내상처가 없는 진탕","0","1","1"
"S0650","열린 두개내상처가 없는 외상성 경막하출혈","11","5","16"
"S0651","열린 두개내상처가 있는 외상성 경막하출혈","2","1","3"
"S0660","열린 두개내상처가 없는 외상성 지주막하출혈","1","0","1"
"S0681","열린 두개내상처가 있는 기타 두개내손상","1","0","1"
"S0690","열린 두개내상처가 없는 상세불명의 두개내손상","0","1","1"
"S0691","열린 두개내상처가 있는 상세불명의 두개내손상","2","0","2"
"S1220","기타 명시된 경추의 골절, 폐쇄성","1","0","1"
"S134","경추의 염좌 및 긴장","0","2","2"
"S22020","T1 및 T2 부위의 골절, 폐쇄성","1","0","1"
"S22030","T3 및 T4 부위의 골절, 폐쇄성","1","0","1"
"S22050","T7 및 T8 부위의 골절, 폐쇄성","0","1","1"
"S22060","T9 및 T10 부위의 골절, 폐쇄성","2","0","2"
"S22070","T11 및 T12 부위의 골절, 폐쇄성","13","19","32"
"S22090","상세불명 부위의 흉추의 골절, 폐쇄성","2","1","3"
"S2220","흉골의 골절,폐쇄성","0","1","1"
"S22330","제1늑골 이외 단일 늑골의 골절,폐쇄성","4","0","4"
"S22430","두 개의 늑골을 침범한 다발골절, 폐쇄성","4","2","6"
"S22440","세 개의 늑골을 침범한 다발골절, 폐쇄성","3","1","4"
"S22450","네 개 또는 그 이상의 늑골을 침범한 다발골절, 폐쇄성","2","2","4"
"S22490","상세불명 늑골의 다발골절, 폐쇄성","2","5","7"
"S27000","흉강내로의 열린상처가 없는 외상성 기흉, 폭풍손상","1","0","1"
"S32020","L1 부위의 골절, 폐쇄성","15","19","34"
"S32030","L2 부위의 골절, 폐쇄성","11","11","22"
"S32040","L3 부위의 골절, 폐쇄성","1","9","10"
"S32050","L4 부위의 골절, 폐쇄성","6","3","9"
"S32060","L5 부위의 골절, 폐쇄성","0","2","2"
"S32090","요추의 상세불명 부위의 골절, 폐쇄성","4","11","15"
"S3210","천골(薦骨)의 골절, 폐쇄성","1","2","3"
"S3240","절구의 골절, 폐쇄성","0","2","2"
"S3250","치골의 폐골절, 폐쇄성","1","2","3"
"S3270","요추 및 골반의 다발성 골절, 폐쇄성","0","1","1"
"S32880","기타 골반의 골절, 폐쇄성","0","1","1"
"S32890","골반의 상세불명 부분의 골절, 폐쇄성","0","2","2"
"S3350","요추의 염좌 및 긴장","3","2","5"
"S37309","강내로의 열린상처가 없는 요도의 손상, 기타 및 상세불명의 손상","1","0","1"
"S400","어깨 및 위팔의 타박상","1","0","1"
"S42040","쇄골 몸통의 골절, 폐쇄성","0","2","2"
"S42050","쇄골 견봉단의 골절, 폐쇄성","1","2","3"
"S42090","쇄골의 상세불명 부분의 골절, 폐쇄성","1","1","2"
"S42190","견갑골의 상세불명 부분의 골절, 폐쇄성","1","0","1"
"S42220","상완골 머리의 골절, 폐쇄성","0","2","2"
"S42230","상완골 외과목의 골절, 폐쇄성","3","0","3"
"S42250","상완골 대거친면의 골절, 폐쇄성","2","0","2"
"S4230","상완골 몸통의 골절, 폐쇄성","0","1","1"
"S4300","상완골의 전탈구","1","0","1"
"S431","견쇄관절의 탈구","1","0","1"
"S4608","어깨의 회전근개의 근육 및 힘줄의 손상, 기타 및 상세불명의 손상","0","1","1"
"S52290","척골 몸통의 상세불명 부분의 골절, 폐쇄성","0","2","2"
"S52520","등쪽 경사를 동반한 요골 하단의 골절, 폐쇄성","3","4","7"
"S52530","바닥쪽 경사를 동반한 요골 하단의 골절, 폐쇄성","0","1","1"
"S52590","요골 하단의 상세불명 골절, 폐쇄성","4","12","16"
"S5260","척골과 요골 모두의 하단의 골절, 폐쇄성","0","2","2"
"S533","척골측부인대의 외상성 파열","1","0","1"
"S610","손톱의 손상이 없는 손가락의 열린상처","1","0","1"
"S619","손목 및 손의 상세불명 부분의 열린상처","1","0","1"
"S6200","손 주상골의 골절, 폐쇄성","1","0","1"
"S62220","제1중수골 바닥의 골절, 폐쇄성","1","0","1"
"S62320","기타 중수골 바닥의 골절, 폐쇄성","0","1","1"
"S62620","기타 손가락의 근위지골 골절, 폐쇄성","3","1","4"
"S62640","기타 손가락의 원위지골 골절, 폐쇄성","1","0","1"
"S62641","기타 손가락의 원위지골 골절, 개방성","0","1","1"
"S6280","손목 및 손의 기타 및 상세불명 부분의 골절, 폐쇄성","1","0","1"
"S6618","손목 및 손 부위의 기타 손가락의 굴근 및 힘줄의 손상, 기타 및 상세불명의 손상","0","1","1"
"S6701","기타 손가락의 으깸손상","0","3","3"
"S700","엉덩이의 타박상","1","1","2"
"S72050","대퇴골 중경부 구역의 골절, 폐쇄성","1","0","1"
"S72060","대퇴골 경부바닥의 골절, 폐쇄성","0","1","1"
"S72080","기타 대퇴골 경부 부분의 골절, 폐쇄성","1","5","6"
"S72090","대퇴골 경부의 상세불명 부분의 골절, 폐쇄성","4","5","9"
"S72120","대퇴골전자간골절, 폐쇄성","9","6","15"
"S72190","대퇴골전자부의 상세불명 골절, 폐쇄성","0","4","4"
"S7220","전자하골절, 폐쇄성","1","1","2"
"S7230","대퇴골 몸통의 골절, 폐쇄성","0","1","1"
"S72450","대퇴골의 관절융기간골절, 폐쇄성","0","1","1"
"S7290","대퇴골의 상세불명 부분의 골절, 폐쇄성","1","0","1"
"S7319","고관절의 상세불명 부위의 염좌 및 긴장","1","0","1"
"S7506","대퇴동맥의 손상, 외상성 파열","0","1","1"
"S800","무릎의 타박상","0","1","1"
"S818","아래다리의 기타 부분의 열린상처","1","0","1"
"S819","아래다리의 상세불명 부분의 열린상처","1","0","1"
"S8200","무릎뼈의 골절, 폐쇄성","1","4","5"
"S82120","비골골절(모든 부분)을 동반한 경골상단의 골절, 폐쇄성","1","0","1"
"S82180","경골 상단의 기타 골절, 폐쇄성","0","1","1"
"S82220","비골골절(모든 부분)을 동반한 경골 몸통의 골절, 폐쇄성","0","1","1"
"S82280","경골 몸통의 기타 골절, 폐쇄성","0","1","1"
"S82320","비골 골절(모든 부분)을 동반한 경골 하단의 골절, 폐쇄성","0","1","1"
"S82380","기타 경골 하단의 골절, 폐쇄성","0","1","1"
"S82430","비골만의 몸통의 골절, 폐쇄성","3","0","3"
"S8250","안쪽복사의 골절, 폐쇄성","1","0","1"
"S8260","외측복사의 골절의 골절, 폐쇄성","4","2","6"
"S82820","양측 복사 골절, 발목, 폐쇄성","0","1","1"
"S82830","삼복사골절, 발목, 폐쇄성","1","2","3"
"S8320","내측반달연골의 찢김","2","2","4"
"S8321","외측반달연골의 찢김","0","4","4"
"S8322","내측 및 외측 반달연골의 찢김","1","0","1"
"S8329","반달연골의 상세불명 찢김","0","2","2"
"S8349","상세불명의 측부인대의 염좌 및 긴장","1","0","1"
"S8352","전십자인대의 파열","0","2","2"
"S8353","후십자인대의 파열","1","0","1"
"S8608","아킬레스힘줄의 손상, 기타 및 상세불명의 손상","0","1","1"
"S8698","아래다리 부위의 상세불명 근육 및 힘줄의 손상, 기타 및 상세불명의 손상","1","1","2"
"S903","발의 기타 및 상세불명 부분의 타박상","2","0","2"
"S910","발목의 열린상처","1","0","1"
"S9200","종골의 골절, 폐쇄성","5","4","9"
"S9230","중족골의 골절, 폐쇄성","3","5","8"
"S9240","엄지발가락 골절, 폐쇄성","0","1","1"
"S9250","기타 발가락의 골절, 폐쇄성","0","1","1"
"S9270","발의 다발 골절, 폐쇄성","1","0","1"
"S9349","발목의 상세불명 부분의 염좌 및 긴장","2","3","5"
"S942","발목 및 발 부위의 심부비골신경의 손상","1","0","1"
"S9698","발목 및 발 부위의 상세불명 근육 및 힘줄의 손상, 기타 및 상세불명의 손상","1","0","1"
"S971","발가락의 으깸손상","0","1","1"
"T009","상세불명의 여러 부위의 표재성 손상","1","0","1"
"T07","상세불명의 다발손상","0","1","1"
"T093","척수의 상세불명 부위의 손상","1","0","1"
"T135","다리의 상세불명 부위의 상세불명 근육 및 힘줄의 손상","2","0","2"
"T140","상세불명의 신체부위의 표재성 손상","1","0","1"
"T141","상세불명의 신체부위의 열린상처","0","3","3"
"T170","비동의 이물","1","0","1"
"T1799","기도의 상세불명 부분의 이물, 상세불명의 이물","0","1","1"
"T191","방광의 이물","1","0","1"
"T213","몸통의 3도 화상","2","0","2"
"T2326","손목 및 손의 2도 화상, 손목","0","1","1"
"T252","발목 및 발의 2도 화상","2","0","2"
"T286","식도의 부식","5","0","5"
"T302","상세불명 신체부위의 2도 화상","1","1","2"
"T353","흉부, 복부, 아래등 및 골반의 상세불명의 동상","0","1","1"
"T630","뱀독의 독성효과","1","0","1"
"T658","기타 명시된 물질의 독성효과","1","0","1"
"T659","상세불명의 물질의 독성효과","1","0","1"
"T783","혈관신경성 부종","1","0","1"
"T796","외상성 근육허혈","1","0","1"
"T809","주입, 수혈 및 치료용 주사에 따른 상세불명의 합병증","1","0","1"
"T810","달리 분류되지 않은 처치에 합병된 출혈 및 혈종","2","0","2"
"T812","달리 분류되지 않은 처치중의 우발적 천자 또는 열상","1","0","1"
"T813","달리 분류되지 않은 수술상처의 파열","6","0","6"
"T814","달리 분류되지 않은 처치에 따른 감염","1","1","2"
"T8159","처치후 체강 또는 수술상처에 우발적으로 남겨진 이물, 상세불명의 합병증 동반","1","0","1"
"T8188","달리 분류되지 않은 처치의 기타 합병증","1","0","1"
"T824","혈관투석카테터의 기계적 합병증","1","0","1"
"T827","기타 심장 및 혈관 장치, 삽입물 및 이식편에 의한 감염 및 염증반응","1","0","1"
"T840","내부인공관절의 기계적 합병증","3","1","4"
"T841","사지의 뼈의 내부고정장치의 기계적 합병증","2","0","2"
"T845","내부인공관절에 의한 감염 및 염증반응","4","1","5"
"T848","내부 정형외과적 인공삽입장치, 삽입물 및 이식편의 기타 합병증","2","7","9"
"T852","안구내렌즈(인공수정체)의 기계적 합병증","1","0","1"
"T874","절단잘린끝의 감염","1","0","1"
"T881","달리 분류되지 않은 예방접종에 따른 기타 합병증","1","0","1"
"T905","두개내손상의 후유증","1","0","1"
"T913","척수손상의 후유증","0","2","2"
"T97","출처가 주로 비의약품인 물질의 독성효과의 후유증","3","0","3"
"U071","바이러스가 확인된 코로나바이러스 질환 2019[바이러스가 확인된 코로나-19]","3","208","211"
"U821","메티실린 내성","14","1","15"
"U822","광범위 베타락탐계내성","41","0","41"
"U8280","카바페넴계내성","20","1","21"
"U830","반코마이신 내성","6","0","6"
"U837","여러 항생제 내성","16","0","16"
"U99","재발한 악성 신생물","18","1","19"
"V099","상세불명의 운수사고에서 다친 보행자","0","1","1"
"V180","비교통사고에서 비충돌 운수사고에서 다친 자전거 운전자","4","0","4"
"V189","교통사고에서 비충돌 운수사고에서 다친 상세불명의 자전거 탑승자","2","3","5"
"V199","상세불명의 교통사고에서 다친 [모든] 자전거 탑승자","1","4","5"
"V239","교통사고에서 승용차, 픽업트럭 또는 밴과 충돌로 다친 상세불명의 모터사이클 탑승자","0","1","1"
"V299","상세불명의 교통사고에서 다친 [모든]모터싸이클 탑승자","0","3","3"
"V798","기타 명시된 운수사고에서 다친 [모든] 버스 탑승자","1","0","1"
"V799","상세불명의 교통사고에서 다친 [모든] 버스 탑승자","0","1","1"
"V849","비교통사고에서 다친 상세불명의 특수농업용 차량 탑승자","1","0","1"
"V892","상세불명의 자동차 사고에서 다친 사람, 교통성","1","0","1"
"V99","상세불명의 운수사고","1","2","3"
"W010","미끄러짐, 걸림 및 헛디딤에 의한 동일 면상에서의 낙상, 주택","2","10","12"
"W011","미끄러짐, 걸림 및 헛디딤에 의한 동일 면상에서의 낙상, 집단 거주시설","0","2","2"
"W012","미끄러짐, 걸림 및 헛디딤에 의한 동일 면상에서의 낙상, 학교, 기타 시설 및 공공행정 구역","0","5","5"
"W014","미끄러짐, 걸림 및 헛디딤에 의한 동일 면상에서의 낙상, 도로 및 고속도로","0","2","2"
"W015","미끄러짐, 걸림 및 헛디딤에 의한 동일 면상에서의 낙상, 상업 및 서비스 구역","0","1","1"
"W018","미끄러짐, 걸림 및 헛디딤에 의한 동일 면상에서의 낙상, 기타 명시된 장소","0","3","3"
"W019","미끄러짐, 걸림 및 헛디딤에 의한 동일 면상에서의 낙상, 상세불명 장소","11","62","73"
"W029","스케이트, 스키, 롤러-스케이트, 또는 스케이트보드에 의한 낙상, 상세불명 장소","0","1","1"
"W059","휠체어가 관여된 낙상, 상세불명 장소","0","1","1"
"W060","침대가 관여된 낙상, 주택","2","1","3"
"W061","침대가 관여된 낙상, 집단거주시설","1","0","1"
"W062","침대가 관여된 낙상, 학교, 기타 시설 및 공공행정 구역","1","0","1"
"W069","침대가 관여된 낙상, 상세불명 장소","1","6","7"
"W079","의자가 관여된 낙상, 상세불명 장소","0","2","2"
"W093","운동장비가 관여된 낙상, 운동 및 경기장","1","0","1"
"W099","운동장비가 관여된 낙상, 상세불명 장소","1","0","1"
"W100","계단에서의 낙상, 주택","1","1","2"
"W109","계단에서의 낙상, 상세불명 장소","7","5","12"
"W119","사다리에서의 낙상, 상세불명 장소","3","1","4"
"W139","빌딩 또는 구조물에서의 낙상, 상세불명 장소","1","2","3"
"W149","나무에서의 낙상, 상세불명 장소","1","0","1"
"W179","기타 한면에서 다른 면으로 넘어짐, 상세불명 장소","6","0","6"
"W180","동일면상에서 기타 넘어짐, 주택","5","2","7"
"W182","동일면상에서 기타 넘어짐, 학교, 기타 시설 및 공공행정 구역","2","0","2"
"W184","동일면상에서 기타 넘어짐, 도로 및 고속도로","1","0","1"
"W189","동일면상에서 기타 넘어짐, 상세불명 장소","2","8","10"
"W190","상세불명의 낙상, 주택","9","5","14"
"W192","상세불명의 낙상, 학교, 기타 시설 및 공공행정 구역","8","0","8"
"W195","상세불명의 낙상, 상업 및 서비스 구역","1","0","1"
"W197","상세불명의 낙상, 농장","2","0","2"
"W198","상세불명의 낙상, 기타 명시된 장소","1","1","2"
"W199","상세불명의 낙상, 상세불명 장소","62","32","94"
"W200","던져진, 쏘아진 또는 떨어지는 물체에 의한 타격, 주택","1","0","1"
"W209","던져진, 쏘아진 또는 떨어지는 물체에 의한 타격, 상세불명 장소","0","2","2"
"W220","다른 물체에 의한 타격, 주택","1","1","2"
"W222","다른 물체에 의한 타격, 학교, 기타 시설 및 공공행정 구역","4","0","4"
"W229","다른 물체에 의한 타격, 상세불명 장소","2","1","3"
"W239","물체 속이나 사이에 붙잡힘, 으깨짐, 뭉개짐 또는 끼임, 상세불명 장소","1","1","2"
"W259","날카로운 유리와 접촉, 상세불명 장소","0","1","1"
"W279","무동력 손공구와 접촉, 상세불명 장소","1","1","2"
"W299","기타 동력손공구 및 가정용 기계류와의 접촉, 상세불명 장소","1","0","1"
"W462","피하 주사바늘과 접촉, 학교, 기타 시설 및 공공행정 구역","1","0","1"
"X109","뜨거운 음료 식품, 지방 및 조리용 기름과 접촉, 상세불명 장소","0","1","1"
"X129","기타 뜨거운 용액과 접촉, 상세불명 장소","1","0","1"
"X160","뜨거운 난방장치, 방열기 및 파이프와 접촉, 주택","1","0","1"
"X169","뜨거운 난방장치, 방열기 및 파이프와 접촉, 상세불명 장소","0","1","1"
"X199","기타 및 상세불명의 열 및 뜨거운 물질과 접촉, 상세불명 장소","2","1","3"
"X509","과잉노력 및 격심한 또는 반복적 운동, 상세불명 장소","9","5","14"
"X5999","기타 및 상세불명의 손상을 초래하는 상세불명의 요인에 노출, 상세불명 장소","5","18","23"
"X832","기타 명시된 수단에 의한 의도적 자해, 학교, 기타 시설 및 공공행정 구역","1","0","1"
"Y190","의도 미확인의 기타 및 상세불명의 화학물질 및 유독성 물질에 의한 중독 및 노출, 주택","1","0","1"
"Y433","치료용으로 사용시 유해작용을 나타내는 기타 항암제","1","0","1"
"Y545","치료용으로 사용시 유해작용을 나타내는 기타 이뇨제","1","0","1"
"Y578","치료용으로 사용시 유해작용을 나타내는 기타 약물 및 약제","2","0","2"
"Y579","치료용으로 사용시 유해작용을 나타내는 상세불명의 약물 또는 약제","1","0","1"
"Y604","내시경검사 도중에 생긴 비의도적 절단, 천자, 천공 또는 출혈","1","0","1"
"Y608","기타 외과적 및 내과적 치료 도중에 생긴 비의도적 절단, 천자, 천공 또는 출혈","1","0","1"
"Y615","심장카테터삽입 도중에 체내에 불의로 남겨진 이물","1","0","1"
"Y618","기타 외과적 및 내과적 치료 도중에 체내에 불의로 남겨진 이물","1","0","1"
"Y658","외과적 및 내과적 치료 중 발생한 기타 명시된 재난","1","0","1"
"Y831","처치 당시에는 재난에 대한 언급이 없었으나 환자의 이상반응 또는 이후 합병증의 원인이 된 인공 내부장치 이식의 외과적 수술","13","6","19"
"Y835","처치 당시에는 재난에 대한 언급이 없었으나 환자의 이상반응 또는 이후 합병증의 원인이 된 사지의 절단","1","0","1"
"Y836","처치 당시에는 재난에 대한 언급이 없었으나 환자의 이상반응 또는 이후 합병증의 원인이 된 기타 기관의 (부분)(전체)절제","1","1","2"
"Y838","처치 당시에는 재난에 대한 언급이 없었으나 환자의 이상반응 또는 이후 합병증의 원인이 된 기타 외과적 처치","6","0","6"
"Y848","처치 당시에는 재난에 대한 언급이 없었으나 환자의 이상반응 또는 이후 합병증의 원인이 된 기타 의학적 처치","1","0","1"
"Y850","자동차사고의 후유증","1","0","1"
"Y86","기타 사고의 후유증","2","1","3"
"Y870","의도적 자해의 후유증","2","0","2"
"Z031","의심되는 악성 신생물에 대한 관찰, 배제된","87","50","137"
"Z034","의심되는 심근경색증의 관찰","1","0","1"
"Z038","기타 의심되는 질환 및 병태의 관찰, 배제된","44","110","154"
"Z080","악성 신생물에 대한 수술후 추적검사","2","0","2"
"Z088","악성 신생물에 대한 기타 치료후 추적검사","3","2","5"
"Z089","악성 신생물에 대한 상세불명의 치료후 추적검사","1","0","1"
"Z115","기타 바이러스질환에 대한 특수선별검사","0","1","1"
"Z223","기타 명시된 세균성 질환의 보균자","3","0","3"
"Z450","심장장치의 조정 및 관리를 위하여 보건서비스와 접하고 있는 사람","2","0","2"
"Z452","혈관통로장치의 조정 및 관리를 위하여 보건서비스와 접하고 있는 사람","1","0","1"
"Z470","골절판 및 기타 내부고정장치의 제거를 포함한 추적치료를 위하여 보건서비스와 접하고 있는 사람","18","23","41"
"Z4780","관절치환술에 따른 후치료를 위하여 보건서비스와 접하고 있는 사람","3","2","5"
"Z4788","기타 명시된 정형외과적 추적치료를 위하여 보건서비스와 접하고 있는 사람","2","3","5"
"Z479","상세불명의 정형외과적 추적치료를 위하여 보건서비스와 접하고 있는 사람","0","3","3"
"Z488","기타 명시된 외과적 추적치료를 위하여 보건서비스와 접하고 있는 사람","24","0","24"
"Z489","상세불명의 외과적 추적치료를 위하여 보건서비스와 접하고 있는 사람","0","1","1"
"Z509","상세불명의 재활처치를 포함한 치료를 위하여 보건서비스와 접하고 있는 사람","64","5","69"
"Z514","달리 분류되지 않은 후속치료를 위한 예비치료를 위하여 보건서비스와 접하고 있는 사람","0","1","1"
"Z515","완화의료를 위하여 보건서비스와 접하고 있는 사람","58","129","187"
"Z5188","기타 명시된 의료를 위하여 보건서비스와 접하고 있는 사람","0","1","1"
"Z532","기타 및 상세불명의 이유로 인한 환자의 의사결정 때문에 수행되지 못한 처치를 위하여 보건서비스와 접하고 있는 사람","1","0","1"
"Z538","기타 이유로 실행되지 못한 처치를 위하여 보건서비스와 접하고 있는 사람","15","9","24"
"Z539","상세불명의 이유로 실행되지 못한 처치를 위하여 보건서비스와 접하고 있는 사람","2","0","2"
"Z540","수술후 회복기","10","10","20"
"Z544","골절치료후 회복기","1","5","6"
"Z548","기타 치료후 회복기","2","1","3"
"Z549","상세불명의 치료후 회복기","0","1","1"
"Z753","보건시설을 이용하지 못하거나 갈 수 없는 문제","56","50","106"
"Z850","소화기관의 악성 신생물의 개인력","6","0","6"
"Z851","기관, 기관지 및 폐의 악성 신생물의 개인력","1","0","1"
"Z858","기타 기관 또는 계통의 악성 신생물의 개인력","1","0","1"
"Z891","손 및 손목의 후천성 결여","1","0","1"
"Z892","손목위 팔의 후천성 결여","1","0","1"
"Z894","발 및 발목의 후천성 결여","1","0","1"
"Z895","무릎을 포함한 다리의 후천성 결여","1","0","1"
"Z896","무릎위 다리의 후천성 결여","1","1","2"
"Z899","상세불명의 후천성 사지결여","0","4","4"
"Z902","폐[일부]의 후천성 결여","8","0","8"
"Z903","위 일부의 후천성 결여","2","0","2"
"Z904","소화관의 기타 부분의 후천성 결여","7","0","7"
"Z907","생식기관의 후천성 결여","2","0","2"
"Z921","항응고제의 오랜 (현존) 사용의 개인력","1","0","1"
"Z935","방광조루상태","0","1","1"
"Z944","간이식상태","0","5","5"
"Z950","심장전자장치의 존재","18","2","20"
"Z951","대동맥관상동맥우회로이식편의 존재","6","0","6"
"Z952","인공심장판막의 존재","2","0","2"
"Z955","관상동맥혈관성형 삽입물 및 이식편의 존재","88","0","88"
"Z961","안구내렌즈의 존재","94","41","135"
"Z9664","무릎관절삽입물의 존재","5","0","5"
"Z982","뇌척수액배출장치의 존재","1","0","1"
"Z9888","기타 명시된 수술후 상태","2","1","3"
