"상병코드","상병명","국비","사비","계"
"A020","살모넬라장염","1","0","1"
"A029","상세불명의 살모넬라감염","0","1","1"
"A044","기타 장대장균감염","1","0","1"
"A047","클로스트리듐 디피실리에 의한 장결장염","94","71","165"
"A048","기타 명시된 세균성 장감염","1","1","2"
"A090","감염성 기원의 기타 및 상세불명의 위장염 및 결장염","12","9","21"
"A099","상세불명 기원의 위장염 및 결장염","97","88","185"
"A1500","배양 유무에 관계없이 가래 현미경 검사로 확인된 공동이 있는 폐결핵","1","5","6"
"A1501","배양 유무에 관계없이 가래 현미경 검사로 확인된 공동이 없거나 상세불명의 폐결핵","18","13","31"
"A1511","배양만으로 확인된 공동이 없거나 상세불명의 폐결핵","9","7","16"
"A1520","조직학적으로 확인된 공동이 있는 폐결핵","1","0","1"
"A1521","조직학적으로 확인된 공동이 없거나 상세불명의 폐결핵","0","1","1"
"A1530","상세불명의 수단으로 확인된 공동이 있는 폐결핵","0","1","1"
"A1531","상세불명의 수단으로 확인된 공동이 없거나 상세불명의 폐결핵","5","2","7"
"A1561","세균학적 및 조직학적으로 확인된 공동이 없거나 상세불명의 결핵성 흉막염","2","1","3"
"A1601","세균학적 및 조직학적으로 음성인 공동이 없거나 상세불명의 폐결핵","0","1","1"
"A1621","세균학적 또는 조직학적 확인에 대한 언급이 없는 공동이 없거나 상세불명의 폐결핵","4","2","6"
"A1651","세균학적 또는 조직학적 확인에 대한 언급이 없는 공동이 없거나 상세불명의 결핵성 흉막염","1","4","5"
"A1691","세균학적 또는 조직학적 확인에 대한 언급이 없는 공동이 없거나 상세불명의 호흡기결핵","0","1","1"
"A179","신경계통의 상세불명 결핵(G998*)","0","1","1"
"A1800","척추의 결핵(M490*)","0","1","1"
"A1811","방광의 결핵(N330*)","0","1","1"
"A182","결핵성 말초림프절병증","2","2","4"
"A1830","결핵성 복막염(K673*)","1","1","2"
"A1831","결핵성 장염(K930*)","1","0","1"
"A1883","심장의 결핵","3","5","8"
"A191","여러 부위의 급성 좁쌀결핵","2","0","2"
"A199","상세불명의 좁쌀결핵","0","2","2"
"A201","연조직피부형페스트","1","0","1"
"A270","황달출혈성 렙토스피라병","1","0","1"
"A310","폐마이코박테리아감염","12","10","22"
"A319","상세불명의 마이코박테리아감염","1","1","2"
"A392","급성 수막구균혈증","0","1","1"
"A400","연쇄구균A군에 의한 패혈증","1","0","1"
"A402","연쇄구균D군에 의한 패혈증","1","0","1"
"A403","폐렴연쇄구균에 의한 패혈증","2","0","2"
"A408","기타 연쇄구균패혈증","0","2","2"
"A410","황색포도구균에 의한 패혈증","23","5","28"
"A411","기타 명시된 포도구균에 의한 패혈증","9","7","16"
"A412","상세불명의 포도구균에 의한 패혈증","1","1","2"
"A414","무산소균에 의한 패혈증","1","1","2"
"A4150","대장균에 의한 패혈증","10","14","24"
"A4151","슈도모나스에 의한 패혈증","3","3","6"
"A4153","아시네토박터에 의한 패혈증","3","2","5"
"A4158","기타 명시된 그람음성균에 의한 패혈증","4","11","15"
"A4159","상세불명의 그람음성균에 의한 패혈증","0","1","1"
"A4180","장구균에 의한 패혈증","10","5","15"
"A4188","기타 명시된 패혈증","6","8","14"
"A419","상세불명의 패혈증","36","45","81"
"A420","폐방선균증","0","1","1"
"A422","목얼굴방선균증","0","2","2"
"A428","기타 형태의 방선균증","1","0","1"
"A429","상세불명의 방선균증","1","0","1"
"A46","단독(丹毒)","0","2","2"
"A480","가스괴저","2","0","2"
"A490","상세불명 부위의 포도구균감염","73","42","115"
"A491","상세불명 부위의 연쇄구균 및 장내구균 감염","90","49","139"
"A498","상세불명 부위의 기타 세균감염","54","60","114"
"A499","상세불명의 세균감염","4","3","7"
"A521","증상성 신경매독","0","1","1"
"A528","잠복성 만기매독","3","5","8"
"A530","조기인지 만기인지 상세불명의 잠복매독","3","0","3"
"A6000","음경의 헤르페스바이러스감염","1","0","1"
"A609","상세불명의 항문생식기의 헤르페스바이러스감염","1","0","1"
"A630","항문생식기의(성병성) 사마귀","2","2","4"
"A753","리케차 쯔쯔가무시에 의한 발진티푸스","0","1","1"
"A812","진행성 다초점백질뇌병증","2","0","2"
"A86","상세불명의 바이러스뇌염","3","0","3"
"A878","기타 바이러스수막염","0","1","1"
"A879","상세불명의 바이러스수막염","1","0","1"
"B000","헤르페스습진","0","1","1"
"B001","헤르페스바이러스 소수포피부염","2","0","2"
"B002","헤르페스바이러스 치은구내염 및 인두편도염","0","1","1"
"B0051","각막염(H191*)","2","1","3"
"B0080","헤르페스바이러스간염(K770*)","0","1","1"
"B0088","기타 헤르페스바이러스감염","1","0","1"
"B009","상세불명의 헤르페스바이러스감염","1","9","10"
"B022","기타 신경계통 침범을 동반한 대상포진","11","7","18"
"B023","대상포진눈병","0","1","1"
"B029","합병증이 없는 대상포진","26","15","41"
"B07","바이러스사마귀","4","0","4"
"B09","피부 및 점막병변이 특징인 상세불명의 바이러스감염","1","0","1"
"B159","간성 혼수가 없는 A형간염","1","3","4"
"B171","급성 C형간염","1","3","4"
"B179","상세불명의 급성 바이러스간염","3","6","9"
"B180","델타-병원체가 있는 만성 바이러스B형간염","1","0","1"
"B1810","델타-병원체가 없는 만성 바이러스B형간염","93","68","161"
"B1818","만성 바이러스B형간염 면역관용기","95","73","168"
"B182","만성 바이러스C형간염","59","41","100"
"B206","폐포자충폐렴을 유발한 인체면역결핍바이러스병","0","1","1"
"B220","뇌병증을 유발한 인체면역결핍바이러스병","0","1","1"
"B238","기타 명시된 병태를 유발한 인체면역결핍바이러스병","1","0","1"
"B24","상세불명의 인체면역결핍바이러스병","3","0","3"
"B258","기타 거대세포바이러스병","3","1","4"
"B279","상세불명의 감염성 단핵구증","1","1","2"
"B300","아데노바이러스에 의한 각막결막염(H192*)","2","0","2"
"B348","상세불명 부위의 기타 바이러스감염","0","1","1"
"B349","상세불명의 바이러스감염","0","1","1"
"B350","수염 및 두피 백선","1","0","1"
"B351","손발톱백선","26","11","37"
"B352","손백선","5","0","5"
"B353","발백선","63","22","85"
"B354","체부백선","12","5","17"
"B356","사타구니백선증","11","4","15"
"B358","기타 피부백선증","2","0","2"
"B359","상세불명의 백선증","2","1","3"
"B361","흑색 백선","1","0","1"
"B369","상세불명의 표재성 진균증","3","3","6"
"B370","칸디다구내염","15","5","20"
"B371","폐칸디다증","0","1","1"
"B373","외음 및 질의 칸디다증(N771*)","0","1","1"
"B3740","칸디다 방광염 및 요도염(N370*)","1","1","2"
"B3748","기타 비뇨생식기 부위의 칸디다증","4","5","9"
"B376","칸디다심내막염(I398*)","0","1","1"
"B377","칸디다패혈증","7","3","10"
"B3780","칸디다식도염","10","5","15"
"B3788","기타 부위의 칸디다증","12","5","17"
"B379","상세불명의 칸디다증","2","0","2"
"B400","급성 폐분아균증","1","0","1"
"B440","침습성 폐아스페르길루스증","4","2","6"
"B441","기타 폐아스페르길루스증","3","2","5"
"B448","기타 형태의 아스페르길루스증","2","0","2"
"B449","상세불명의 아스페르길루스증","2","1","3"
"B49","상세불명의 진균증","9","9","18"
"B59","폐포자충증(J173*)","1","0","1"
"B663","간질증","1","0","1"
"B701","고충증","0","1","1"
"B8300","톡소카라증","2","0","2"
"B86","옴","7","4","11"
"B909","호흡기 및 상세불명 결핵의 후유증","7","7","14"
"B91","회색질척수염의 후유증","0","1","1"
"B951","다른 장에서 분류된 질환의 원인으로서의 B군연쇄구균","4","3","7"
"B952","다른 장에서 분류된 질환의 원인으로서의 D군연쇄구균 및 장내구균","35","45","80"
"B953","다른 장에서 분류된 질환의 원인으로서의 폐렴연쇄구균","0","2","2"
"B954","다른 장에서 분류된 질환의 원인으로서의 기타 연쇄구균","7","4","11"
"B955","다른 장에서 분류된 질환의 원인으로서의 상세불명의 연쇄구균","3","6","9"
"B956","다른 장에서 분류된 질환의 원인으로서의 황색포도구균","109","60","169"
"B957","다른 장에서 분류된 질환의 원인으로서의 기타 포도구균","19","11","30"
"B958","다른 장에서 분류된 질환의 원인으로서의 상세불명의 포도구균","6","7","13"
"B961","다른 장에서 분류된 질환의 원인으로서의 폐렴막대균","81","59","140"
"B962","다른 장에서 분류된 질환의 원인으로서의 대장균","142","115","257"
"B963","다른 장에서 분류된 질환의 원인으로서의 인플루엔자균","1","1","2"
"B964","다른 장에서 분류된 질환의 원인으로서의 프로테우스 (미라빌리스)(모르가니)","12","11","23"
"B965","다른 장에서 분류된 질환의 원인으로서의 슈도모나스 (아에루기노사)","51","32","83"
"B9680","다른 장에서 분류된 질환의 원인으로서의 아시네토박터바우마니","37","54","91"
"B9681","다른 장에서 분류된 질환의 원인으로서의 장내세균속균","56","42","98"
"B9688","다른 장에서 분류된 질환의 원인으로서의 기타 명시된 세균 감염체","11","10","21"
"B980","다른 장에서 분류된 질환의 원인으로서의 헬리코박터 파일로리균","12","21","33"
"C01","혓바닥의 악성 신생물","1","1","2"
"C020","혀 등쪽의 악성 신생물","3","0","3"
"C021","혀 가장자리의 악성 신생물","1","0","1"
"C022","혀 배쪽면의 악성 신생물","0","1","1"
"C029","상세불명의 혀의 악성 신생물","4","0","4"
"C049","상세불명의 입바닥의 악성 신생물","1","0","1"
"C062","구치후부의 악성 신생물","1","0","1"
"C069","상세불명의 입의 악성 신생물","1","0","1"
"C07","귀밑샘의 악성 신생물","2","4","6"
"C091","편도기둥(전, 후)의 악성 신생물","2","0","2"
"C099","상세불명의 편도의 악성 신생물","8","6","14"
"C109","상세불명의 입인두의 악성 신생물","2","2","4"
"C119","상세불명의 비인두의 악성 신생물","3","3","6"
"C12","이상동(梨狀洞)의 악성 신생물","6","2","8"
"C139","상세불명의 하인두의 악성 신생물","10","2","12"
"C140","상세불명의 인두의 악성 신생물","1","0","1"
"C150","경부식도의 악성 신생물","1","0","1"
"C151","흉부식도의 악성 신생물","11","7","18"
"C152","복부식도의 악성 신생물","0","1","1"
"C154","식도의 중간 3분의1의 악성 신생물","4","6","10"
"C155","식도의 하부 3분의1의 악성 신생물","8","1","9"
"C159","상세불명의 식도의 악성 신생물","4","4","8"
"C160","분문의 악성 신생물","0","1","1"
"C1600","분문의 악성 신생물, 조기","3","3","6"
"C1601","분문의 악성 신생물, 진행형","12","1","13"
"C1609","분문의 악성 신생물, 상세불명","2","4","6"
"C1611","위의 저부의 악성 신생물, 진행형","5","0","5"
"C1620","위의 체부의 악성 신생물, 조기","23","14","37"
"C1621","위의 체부의 악성 신생물, 진행형","36","13","49"
"C1629","위의 체부의 악성 신생물, 상세불명","1","2","3"
"C1630","유문동의 악성 신생물, 조기","38","24","62"
"C1631","유문동의 악성 신생물, 진행형","24","22","46"
"C1639","유문동의 악성 신생물, 상세불명","7","3","10"
"C1640","유문의 악성 신생물, 조기","2","0","2"
"C1641","유문의 악성 신생물, 진행형","1","1","2"
"C1650","상세불명의 위의 소만부의 악성 신생물, 조기","1","0","1"
"C1680","위의 중복병변의 악성 신생물, 조기","1","1","2"
"C1681","위의 중복병변의 악성 신생물, 진행형","8","11","19"
"C1690","상세불명의 위의 악성 신생물, 조기","2","0","2"
"C1691","상세불명의 위의 악성 신생물, 진행형","16","15","31"
"C1699","상세불명의 위의 악성 신생물, 상세불명","8","4","12"
"C170","십이지장의 악성 신생물","5","3","8"
"C172","회장의 악성 신생물","1","1","2"
"C179","상세불명의 소장의 악성 신생물","2","0","2"
"C180","맹장의 악성 신생물","2","14","16"
"C182","상행결장의 악성 신생물","64","25","89"
"C183","간굴곡의 악성 신생물","14","7","21"
"C184","횡행결장의 악성 신생물","26","8","34"
"C185","비장굴곡의 악성 신생물","33","4","37"
"C186","하행결장의 악성 신생물","19","10","29"
"C187","구불결장의 악성 신생물","114","58","172"
"C188","결장의 중복병변의 악성 신생물","0","1","1"
"C189","상세불명의 결장의 악성 신생물","2","3","5"
"C19","직장구불결장접합부의 악성 신생물","11","14","25"
"C20","직장의 악성 신생물","162","154","316"
"C218","직장, 항문 및 항문관의 중복병변의 악성 신생물","0","1","1"
"C220","간세포암종의 악성 신생물","280","90","370"
"C221","간내담관암종의 악성 신생물","24","23","47"
"C227","기타 명시된 간의 암종의 악성 신생물","1","3","4"
"C23","담낭의 악성 신생물","15","25","40"
"C240","간외담관의 악성 신생물","48","28","76"
"C241","파터팽대의 악성 신생물","2","7","9"
"C249","상세불명의 담도의 악성 신생물","3","0","3"
"C250","췌장의 두부의 악성 신생물","43","24","67"
"C251","췌장의 체부의 악성 신생물","16","18","34"
"C252","췌장의 꼬리의 악성 신생물","9","18","27"
"C253","췌관의 악성 신생물","0","1","1"
"C257","췌장의 기타 부분의 악성 신생물","3","0","3"
"C258","췌장의 중복병변 의 악성 신생물","4","8","12"
"C259","상세불명의 췌장의 악성 신생물","1","5","6"
"C300","비강의 악성 신생물","2","1","3"
"C310","상악동의 악성 신생물","4","0","4"
"C320","성문의 악성 신생물","9","1","10"
"C321","성문상의 악성 신생물","9","1","10"
"C322","성문하의 악성 신생물","2","0","2"
"C328","후두의 중복병변 의 악성 신생물","0","1","1"
"C329","상세불명의 후두의 악성 신생물","2","1","3"
"C33","기관의 악성 신생물","1","0","1"
"C3400","주기관지의 악성 신생물, 오른쪽","0","1","1"
"C3401","주기관지의 악성 신생물, 왼쪽","5","0","5"
"C3409","주기관지의 악성 신생물, 상세불명 쪽","0","1","1"
"C3410","상엽, 기관지 또는 폐의 악성 신생물, 오른쪽","133","72","205"
"C3411","상엽, 기관지 또는 폐의 악성 신생물, 왼쪽","136","49","185"
"C342","중엽, 기관지 또는 폐의 악성 신생물","41","6","47"
"C3430","하엽, 기관지 또는 폐의 악성 신생물, 오른쪽","144","90","234"
"C3431","하엽, 기관지 또는 폐의 악성 신생물, 왼쪽","72","54","126"
"C3439","하엽, 기관지 또는 폐의 악성 신생물, 상세불명 쪽","0","1","1"
"C3480","기관지 및 폐의 중복병변의 악성 신생물, 오른쪽","6","1","7"
"C3481","기관지 및 폐의 중복병변의 악성 신생물, 왼쪽","2","0","2"
"C3489","기관지 및 폐의 중복병변의 악성 신생물, 상세불명 쪽","1","0","1"
"C3490","상세불명의 기관지 또는 폐의 악성 신생물, 오른쪽","12","8","20"
"C3491","상세불명의 기관지 또는 폐의 악성 신생물, 왼쪽","4","10","14"
"C3499","상세불명의 기관지 또는 폐의 악성 신생물, 상세불명 쪽","8","8","16"
"C37","흉선의 악성 신생물","15","0","15"
"C381","전종격의 악성 신생물","1","0","1"
"C409","상세불명 사지의 골 및 관절연골의 악성 신생물","1","1","2"
"C4101","상악안면골의 악성 신생물","0","1","1"
"C412","척주의 악성 신생물","2","0","2"
"C414","골반골, 천골(薦骨) 및 미추의 악성 신생물","0","1","1"
"C435","몸통의 악성 흑색종","2","0","2"
"C436","어깨를 포함한 팔의 악성 흑색종","0","1","1"
"C437","엉덩이를 포함한 다리의 악성 흑색종","1","2","3"
"C439","상세불명의 피부의 악성 흑색종","1","1","2"
"C440","입술의 피부의 악성 신생물","1","0","1"
"C441","안각을 포함한 눈꺼풀의 피부의 악성 신생물","5","0","5"
"C443","얼굴의 기타 및 상세불명 부분의 피부의 악성 신생물","7","2","9"
"C444","두피 및 목의 피부의 악성 신생물","0","4","4"
"C445","몸통의 피부의 악성 신생물","0","2","2"
"C446","어깨를 포함한 팔의 피부의 악성 신생물","0","1","1"
"C447","엉덩이를 포함한 다리의 피부의 악성 신생물","1","0","1"
"C450","흉막의 중피종","2","0","2"
"C457","기타 부위의 중피종","0","2","2"
"C460","피부의 카포시육종","1","0","1"
"C470","머리, 얼굴 및 목의 말초신경의 악성 신생물","1","0","1"
"C480","후복막의 악성 신생물","3","0","3"
"C490","머리, 얼굴 및 목의 결합조직 및 연조직의 악성 신생물","0","1","1"
"C492","엉덩이를 포함한 다리의 결합조직 및 연조직의 악성 신생물","6","1","7"
"C493","흉부의 결합조직 및 연조직의 악성 신생물","13","7","20"
"C495","골반의 결합조직 및 연조직의 악성 신생물","1","0","1"
"C496","상세불명의 몸통의 결합조직 및 연조직의 악성 신생물","0","1","1"
"C498","결합조직 및 연조직의 중복병변 [188쪽 주5 참조]의 악성 신생물","4","0","4"
"C499","상세불명의 결합조직 및 연조직의 악성 신생물","1","2","3"
"C5001","유두 및 유륜의 악성 신생물, 왼쪽","0","1","1"
"C5010","유방의 중앙부의 악성 신생물, 오른쪽","0","3","3"
"C5011","유방의 중앙부의 악성 신생물, 왼쪽","1","4","5"
"C5020","유방의 상내사분의 악성 신생물, 오른쪽","0","2","2"
"C5021","유방의 상내사분의 악성 신생물, 왼쪽","0","1","1"
"C5031","유방의 하내사분의 악성 신생물, 왼쪽","0","3","3"
"C5040","유방의 상외사분의 악성 신생물, 오른쪽","0","5","5"
"C5041","유방의 상외사분의 악성 신생물, 왼쪽","1","9","10"
"C5050","유방의 하외사분의 악성 신생물, 오른쪽","0","2","2"
"C5051","유방의 하외사분의 악성 신생물, 왼쪽","0","3","3"
"C5080","유방의 중복병변의 악성 신생물, 오른쪽","0","1","1"
"C5081","유방의 중복병변의 악성 신생물, 왼쪽","0","1","1"
"C5090","상세불명의 유방의 악성 신생물, 오른쪽","0","8","8"
"C5091","상세불명의 유방의 악성 신생물, 왼쪽","0","3","3"
"C539","상세불명의 자궁경부의 악성 신생물","0","11","11"
"C541","자궁내막의 악성 신생물","0","18","18"
"C549","상세불명의 자궁체부의 악성 신생물","0","7","7"
"C55","자궁의 상세불명 부분의 악성 신생물","0","5","5"
"C560","난소의 악성 신생물, 오른쪽","0","22","22"
"C561","난소의 악성 신생물, 왼쪽","0","15","15"
"C569","난소의 악성 신생물, 상세불명 쪽","0","4","4"
"C570","난관의 악성 신생물","0","9","9"
"C609","상세불명의 음경의 악성 신생물","0","1","1"
"C61","전립선의 악성 신생물","236","192","428"
"C629","상세불명의 고환의 악성 신생물","6","0","6"
"C632","음낭의 악성 신생물","1","1","2"
"C640","신우를 제외한 신장의 악성 신생물, 오른쪽","39","17","56"
"C641","신우를 제외한 신장의 악성 신생물, 왼쪽","17","6","23"
"C649","신우를 제외한 신장의 악성 신생물, 상세불명 쪽","0","1","1"
"C650","신우의 악성 신생물, 오른쪽","6","3","9"
"C651","신우의 악성 신생물, 왼쪽","5","1","6"
"C660","요관의 악성 신생물, 오른쪽","15","4","19"
"C661","요관의 악성 신생물, 왼쪽","6","9","15"
"C672","방광의 측벽의 악성 신생물","5","0","5"
"C674","방광의 후벽의 악성 신생물","4","2","6"
"C675","방광경부의 악성 신생물","1","0","1"
"C676","요관구의 악성 신생물","0","1","1"
"C677","요막관의 악성 신생물","1","0","1"
"C679","상세불명의 방광의 악성 신생물","74","44","118"
"C688","비뇨기관의 중복병변 의 악성 신생물","0","1","1"
"C689","상세불명의 비뇨기관의 악성 신생물","3","0","3"
"C693","맥락막의 악성 신생물","0","1","1"
"C700","뇌막의 악성 신생물","2","0","2"
"C710","뇌엽 및 뇌실을 제외한 대뇌의 악성 신생물","2","1","3"
"C711","전두엽의 악성 신생물","5","9","14"
"C713","두정엽의 악성 신생물","1","0","1"
"C716","소뇌의 악성 신생물","2","0","2"
"C717","뇌간의 악성 신생물","1","1","2"
"C718","뇌의 중복병변 의 악성 신생물","3","0","3"
"C719","상세불명의 뇌의 악성 신생물","0","5","5"
"C73","갑상선의 악성 신생물","19","31","50"
"C770","머리, 얼굴 및 목의 림프절의 이차성 및 상세불명의 악성신생물","240","115","355"
"C771","흉곽내림프절의 이차성 및 상세불명의 악성신생물","377","190","567"
"C772","복강내림프절의 이차성 및 상세불명의 악성신생물","424","242","666"
"C773","겨드랑 및 팔 림프절의 이차성 및 상세불명의 악성신생물","36","24","60"
"C774","사타구니 및 다리 림프절의 이차성 및 상세불명의 악성신생물","16","2","18"
"C775","골반내 림프절의 이차성 및 상세불명의 악성신생물","175","155","330"
"C778","여러 부위의 림프절의 이차성 및 상세불명의 악성신생물","4","8","12"
"C779","상세불명의 림프절의 이차성 및 상세불명의 악성신생물","5","1","6"
"C7800","폐의 이차성 악성 신생물, 오른쪽","241","141","382"
"C7801","폐의 이차성 악성 신생물, 왼쪽","224","113","337"
"C7809","폐의 이차성 악성 신생물, 상세불명 쪽","1","17","18"
"C781","종격의 이차성 악성 신생물","2","0","2"
"C782","흉막의 이차성 악성 신생물","128","86","214"
"C783","기타 및 상세불명의 호흡기관의 이차성 악성 신생물","0","1","1"
"C784","소장의 이차성 악성 신생물","8","12","20"
"C785","대장 및 직장의 이차성 악성 신생물","7","27","34"
"C786","후복막 및 복막의 이차성 악성 신생물","210","135","345"
"C787","간 및 간내 담관의 이차성 악성 신생물","399","257","656"
"C788","기타 및 상세불명의 소화기관의 이차성 악성 신생물","49","25","74"
"C7900","신장 및 신우의 이차성 악성 신생물, 오른쪽","1","4","5"
"C7901","신장 및 신우의 이차성 악성 신생물, 왼쪽","11","9","20"
"C7910","방광의 이차성 악성 신생물","3","4","7"
"C7918","기타 및 상세불명 비뇨기관의 이차성 악성 신생물","5","4","9"
"C792","피부의 이차성 악성 신생물","5","8","13"
"C7930","뇌의 이차성 악성 신생물","80","33","113"
"C7931","뇌막의 이차성 악성 신생물","1","2","3"
"C794","신경계통의 기타 및 상세불명 부분의 이차성 악성 신생물","0","1","1"
"C795","골 및 골수의 이차성 악성 신생물","2","0","2"
"C7950","골의 이차성 악성 신생물","222","167","389"
"C7951","골수의 이차성 악성 신생물","1","0","1"
"C7960","난소의 이차성 악성 신생물, 오른쪽","0","8","8"
"C7961","난소의 이차성 악성 신생물, 왼쪽","0","5","5"
"C797","부신의 이차성 악성 신생물","74","27","101"
"C7980","유방의 이차성 악성 신생물","0","1","1"
"C7981","생식기관의 이차성 악성 신생물","1","17","18"
"C7988","기타 명시된 부위의 이차성 악성 신생물","114","49","163"
"C809","원발부위 상세불명인 악성 신생물","7","8","15"
"C819","상세불명의 호지킨림프종","2","0","2"
"C821","소포성 림프종 등급 II","7","0","7"
"C823","소포성 림프종 등급 IIIa","4","0","4"
"C829","상세불명의 소포성 림프종","3","0","3"
"C830","소세포B-세포림프종","1","0","1"
"C831","외투세포림프종","8","0","8"
"C8338","기타 및 상세불명의 미만성 대B-세포림프종","36","35","71"
"C837","버킷림프종","0","2","2"
"C838","기타 비소포성 림프종","1","0","1"
"C851","상세불명의 B-세포림프종","6","10","16"
"C857","기타 명시된 유형의 비호지킨림프종","1","0","1"
"C859","상세불명의 비호지킨림프종","2","4","6"
"C860","림프절외 NK/T-세포림프종, 비강형태","1","0","1"
"C865","혈관면역모세포성 T-세포림프종","2","3","5"
"C866","원발 피부성 CD30-양성 T-세포증식","1","0","1"
"C880","왈덴스트룀 마크로클로불린혈증","1","0","1"
"C884","점막 관련 림프모양조직의 림프절외 변연부 B-세포림프종[MALT-lymphoma]","2","3","5"
"C900","다발골수종","31","12","43"
"C901","형질세포백혈병","1","0","1"
"C9108","기타 및 상세불명의 급성 림프모구성 백혈병","0","5","5"
"C911","B-세포형 만성 림프구성 백혈병","3","1","4"
"C9208","기타 및 상세불명의 급성 골수모구성 백혈병","20","18","38"
"C921","만성 골수성 백혈병, BCR/ABL-양성","9","5","14"
"C922","비정형적 만성 골수성 백혈병, BCR/ABL 음성","1","0","1"
"C924","급성 전골수구성 백혈병[PML]","1","0","1"
"C925","급성 골수단핵구성 백혈병","2","0","2"
"C931","만성 골수단핵구성 백혈병","0","1","1"
"C959","상세불명의 백혈병","0","1","1"
"C966","단초점 랑게르한스세포 조직구증","1","0","1"
"C97","독립된(원발성) 여러 부위의 악성 신생물","60","23","83"
"D001","식도의 제자리암종","4","0","4"
"D002","위의 제자리암종","12","8","20"
"D010","결장의 제자리암종","12","26","38"
"D011","직장구불결장접합부의 제자리암종","2","1","3"
"D012","직장의 제자리암종","4","11","15"
"D0150","간의 제자리암종","0","1","1"
"D0151","담낭의 제자리암종","1","0","1"
"D0152","담관의 제자리암종","8","2","10"
"D0153","파터팽대의 제자리암종","0","1","1"
"D0170","췌장의 제자리암종","3","0","3"
"D020","후두의 제자리암종","2","6","8"
"D0220","기관지 및 폐의 제자리암종, 오른쪽","2","1","3"
"D0221","기관지 및 폐의 제자리암종, 왼쪽","0","1","1"
"D023","호흡계통 기타 부분의 제자리암종","1","0","1"
"D033","얼굴의 기타 및 상세불명 부분의 제자리흑색종","0","1","1"
"D037","엉덩이를 포함한 다리의 제자리흑색종","1","1","2"
"D043","얼굴의 기타 및 상세불명 부분의 피부의 제자리암종","1","0","1"
"D044","두피 및 목 피부의 제자리암종","0","1","1"
"D045","몸통의 피부의 제자리암종","0","3","3"
"D046","어깨를 포함한 팔의 피부의 제자리암종","1","1","2"
"D047","엉덩이를 포함한 다리의 피부의 제자리암종","0","1","1"
"D0501","유방의 소엽 제자리암종, 왼쪽","0","1","1"
"D0510","유방의 관내 제자리암종, 오른쪽","0","2","2"
"D0511","유방의 관내 제자리암종, 왼쪽","0","6","6"
"D0591","상세불명의 유방의 제자리암종, 왼쪽","0","2","2"
"D069","상세불명의 자궁경부의 제자리암종","0","13","13"
"D070","자궁내막의 제자리암종","0","3","3"
"D090","방광의 제자리암종","67","19","86"
"D091","기타 및 상세불명의 비뇨기관의 제자리암종","4","6","10"
"D101","혀의 양성 신생물","2","0","2"
"D103","기타 및 상세불명 입 부분의 양성 신생물","3","2","5"
"D104","편도 양성 신생물","2","1","3"
"D105","입인두의 기타 부분의 양성 신생물","2","0","2"
"D106","비인두의 양성 신생물","0","1","1"
"D107","하인두의 양성 신생물","1","1","2"
"D110","귀밑샘의 양성 신생물","15","10","25"
"D117","기타 주침샘의 양성 신생물","0","2","2"
"D120","맹장의 양성 신생물","12","18","30"
"D121","충수의 양성 신생물","0","1","1"
"D122","상행결장의 양성 신생물","68","63","131"
"D123","횡행결장의 양성 신생물","73","54","127"
"D124","하행결장의 양성 신생물","40","22","62"
"D125","구불결장의 양성 신생물","47","59","106"
"D126","상세불명의 결장의 양성 신생물","53","43","96"
"D127","직장구불결장접합부의 양성 신생물","9","10","19"
"D128","직장의 양성 신생물","23","18","41"
"D129","항문 및 항문관의 양성 신생물","0","1","1"
"D130","식도의 양성 신생물","0","2","2"
"D131","위의 양성 신생물","63","53","116"
"D132","십이지장의 양성 신생물","0","2","2"
"D134","간의 양성 신생물","2","1","3"
"D135","간외담관의 양성 신생물","5","4","9"
"D136","췌장의 양성 신생물","5","2","7"
"D140","중이, 비강 및 부비동의 양성 신생물","10","7","17"
"D141","후두의 양성 신생물","6","1","7"
"D1430","기관지 및 폐의 양성 신생물, 오른쪽","1","0","1"
"D1431","기관지 및 폐의 양성 신생물, 왼쪽","2","0","2"
"D151","심장의 양성 신생물","0","1","1"
"D160","견갑골 및 팔의 긴뼈의 양성 신생물","0","2","2"
"D165","아래턱뼈의 양성 신생물","1","0","1"
"D168","골반골, 천골(薦骨) 및 미추의 양성 신생물","0","1","1"
"D169","상세불명의 뼈 및 관절연골의 양성 신생물","1","0","1"
"D170","머리, 얼굴 및 목의 피부 및 피하조직의 양성 지방종성 신생물","11","8","19"
"D171","몸통의 피부 및 피하조직의 양성 지방종성 신생물","7","14","21"
"D1720","팔의 피부 및 피하조직의 양성 지방종성 신생물","4","11","15"
"D1721","다리의 피부 및 피하조직의 양성 지방종성 신생물","3","6","9"
"D173","기타 및 상세불명 부위의 피부 및 피하조직의 양성 지방종성 신생물","0","1","1"
"D175","복강내기관의 양성 지방종성 신생물","0","1","1"
"D177","기타 부위의 양성 지방종성 신생물","1","1","2"
"D179","상세불명의 양성 지방종성 신생물","6","8","14"
"D1800","피부 및 피하조직의 혈관종","0","1","1"
"D1802","간담도계의 혈관종","1","4","5"
"D1803","소화계의 혈관종","0","2","2"
"D1804","귀, 코, 입 및 목구멍의 혈관종","3","1","4"
"D1808","기타 부위의 혈관종","2","3","5"
"D1809","상세불명 부위의 혈관종","1","0","1"
"D200","후복막의 양성 신생물","2","0","2"
"D211","어깨를 포함한 팔의 결합조직 및 기타 연조직의 양성 신생물","0","2","2"
"D212","엉덩이를 포함한 다리의 결합조직 및 기타 연조직의 양성 신생물","1","4","5"
"D215","골반의 결합조직 및 기타 연조직의 기타 양성 신생물","0","1","1"
"D221","안각을 포함한 눈꺼풀의 멜라닌세포모반","1","1","2"
"D223","얼굴의 기타 및 상세불명 부위의 멜라닌세포모반","1","0","1"
"D224","두피 및 목의 멜라닌세포모반","0","2","2"
"D229","상세불명의 멜라닌세포모반","1","0","1"
"D235","몸통의 피부의 양성 신생물","1","0","1"
"D239","상세불명의 피부의 양성 신생물","1","1","2"
"D2420","유방의 단발 양성 신생물, 오른쪽","0","6","6"
"D2421","유방의 단발 양성 신생물, 왼쪽","0","4","4"
"D2431","유방의 다발 양성 신생물, 왼쪽","0","2","2"
"D2491","상세불명 유방의 양성 신생물, 왼쪽","0","1","1"
"D250","자궁의 점막하 평활근종","0","11","11"
"D251","자궁의 벽내 평활근종","0","30","30"
"D252","자궁의 장막하 평활근종","0","13","13"
"D259","상세불명의 자궁의 평활근종","0","7","7"
"D261","자궁체부의 기타 양성 신생물","0","1","1"
"D269","상세불명의 자궁의 기타 양성 신생물","0","1","1"
"D270","난소의 양성 신생물, 오른쪽","0","2","2"
"D271","난소의 양성 신생물, 왼쪽","0","5","5"
"D279","난소의 양성 신생물, 상세불명 쪽","0","1","1"
"D291","전립선의 양성 신생물","1","0","1"
"D293","부고환의 양성 신생물","0","1","1"
"D3000","신장의 양성 신생물, 오른쪽","0","2","2"
"D302","요관의 양성 신생물","1","0","1"
"D303","방광의 양성 신생물","0","1","1"
"D316","상세불명의 안와의 양성 신생물","0","1","1"
"D320","뇌막의 양성 신생물","4","15","19"
"D329","상세불명의 수막의 양성 신생물","3","2","5"
"D333","뇌신경의 양성 신생물","1","2","3"
"D334","척수의 양성 신생물","4","2","6"
"D34","갑상선의 양성 신생물","2","12","14"
"D350","부신의 양성 신생물","4","3","7"
"D351","부갑상선의 양성 신생물","1","2","3"
"D352","뇌하수체의 양성 신생물","7","7","14"
"D360","림프절의 양성 신생물","0","1","1"
"D361","말초신경 및 자율신경계통의 양성 신생물","7","3","10"
"D367","기타 명시된 부위의 양성 신생물","1","0","1"
"D371","위의 행동양식 불명 또는 미상의 신생물","1","0","1"
"D372","소장의 행동양식 불명 또는 미상의 신생물","2","1","3"
"D373","충수의 행동양식 불명 또는 미상의 신생물","2","5","7"
"D375","직장의 행동양식 불명 또는 미상의 신생물","0","1","1"
"D376","간, 담낭 및 담관의 행동양식 불명 또는 미상의 신생물","2","0","2"
"D377","기타 소화기관의 행동양식 불명 또는 미상의 신생물","7","4","11"
"D381","기관, 기관지 및 폐의 행동양식 불명 또는 미상의 신생물","1","0","1"
"D382","흉막의 행동양식 불명 또는 미상의 신생물","1","0","1"
"D384","흉선의 행동양식 불명 또는 미상의 신생물","1","0","1"
"D385","기타 호흡기관의 행동양식 불명 또는 미상의 신생물","0","1","1"
"D386","상세불명의 호흡기관의 행동양식 불명 또는 미상의 신생물","0","1","1"
"D3910","난소의 행동양식 불명 및 미상의 신생물, 오른쪽","0","2","2"
"D3911","난소의 행동양식 불명 및 미상의 신생물, 왼쪽","0","2","2"
"D412","요관의 행동양식 불명 또는 미상의 신생물","0","1","1"
"D414","방광의 행동양식 불명 또는 미상의 신생물","3","1","4"
"D420","뇌막의 행동양식 불명 또는 미상의 신생물","0","3","3"
"D430","천막상 뇌의 행동양식 불명 또는 미상의 신생물","1","0","1"
"D432","상세불명의 뇌의 행동양식 불명 또는 미상의 신생물","1","3","4"
"D441","부신의 행동양식 불명 또는 미상의 신생물","0","1","1"
"D443","뇌하수체의 행동양식 불명 또는 미상의 신생물","1","0","1"
"D444","두개인두관의 행동양식 불명 또는 미상의 신생물","1","0","1"
"D447","대동맥소체 및 기타 부신경절의 행동양식 불명 또는 미상의 신생물","0","2","2"
"D45","진성 적혈구증가증","4","0","4"
"D461","고리철적혈모구가 있는 불응성 빈혈","12","0","12"
"D462","모세포과잉의 불응성 빈혈[RAEB]","13","11","24"
"D465","다세포계 형성이상을 동반한 불응성 빈혈","4","1","5"
"D467","기타 골수형성이상증후군","10","0","10"
"D469","상세불명의 골수형성이상증후군","10","6","16"
"D471","만성 골수증식질환","2","0","2"
"D472","미결정의 단클론감마글로불린병증","4","1","5"
"D473","본태성(출혈성) 혈소판혈증","5","7","12"
"D474","골수섬유증","3","0","3"
"D475","만성 호산구성 백혈병[과호산구증후군]","2","0","2"
"D479","림프, 조혈 및 관련 조직의 행동양식 불명 또는 미상의 상세불명 신생물","0","1","1"
"D480","뼈 및 관절연골의 행동양식 불명 또는 미상의 신생물","1","1","2"
"D481","결합조직 및 기타 연조직의 행동양식 불명 또는 미상의 신생물","2","4","6"
"D485","피부의 행동양식 불명 또는 미상의 신생물","0","1","1"
"D500","(만성) 실혈에 따른 이차성 철겹핍빈혈","2","5","7"
"D508","기타 철결핍빈혈","26","21","47"
"D509","상세불명의 철결핍빈혈","31","32","63"
"D518","기타 비타민B12결핍빈혈","1","0","1"
"D519","상세불명의 비타민B12결핍빈혈","3","5","8"
"D529","상세불명의 엽산결핍빈혈","0","2","2"
"D531","달리 분류되지 않은 기타 거대적모구빈혈","1","0","1"
"D591","기타 자가면역성 용혈성 빈혈","0","2","2"
"D611","약물유발 무형성빈혈","1","2","3"
"D619","상세불명의 무형성빈혈","17","17","34"
"D62","급성 출혈후 빈혈","5","1","6"
"D630","신생물질환에서의 빈혈(C00-D48+)","28","18","46"
"D638","달리 분류된 기타 만성 질환에서의 빈혈","11","5","16"
"D648","기타 명시된 빈혈","4","2","6"
"D649","상세불명의 빈혈","46","49","95"
"D683","순환 항응고제에 의한 출혈장애","6","3","9"
"D686","기타 혈전성향","2","0","2"
"D690","앨러지자반증","1","0","1"
"D692","기타 비혈소판감소성 자반","14","2","16"
"D6938","기타 특발성 혈소판감소성 자반","4","8","12"
"D694","기타 원발성 혈소판감소증","0","1","1"
"D695","이차성 혈소판감소증","6","5","11"
"D696","상세불명의 혈소판감소증","20","10","30"
"D700","호중구감소성 발열","68","34","102"
"D708","기타 무과립구증","36","21","57"
"D721","호산구증가","3","1","4"
"D728","기타 명시된 백혈구의 장애","3","2","5"
"D733","비장의 농양","0","1","1"
"D735","비장의 경색증","1","0","1"
"D751","이차성 적혈구증가증","0","1","1"
"D893","면역복원증후군","1","0","1"
"D898","달리 분류되지 않은 면역메커니즘을 침범한 기타 명시된 장애","2","2","4"
"E02","무증상 요오드결핍성 갑상선기능저하증","7","8","15"
"E038","기타 명시된 갑상선기능저하증","0","3","3"
"E039","상세불명의 갑상선기능저하증","67","54","121"
"E041","비독성 단순갑상선 결절","41","45","86"
"E042","비독성 다결절성 고이터","0","1","1"
"E049","상세불명의 비독성 고이터","1","3","4"
"E050","미만성 고이터를 동반한 갑상선독증","1","3","4"
"E052","독성 다결절성 고이터를 동반한 갑상선독증","0","2","2"
"E059","상세불명의 갑상선독증","2","13","15"
"E061","아급성 갑상선염","0","2","2"
"E063","자가면역성 갑상선염","1","4","5"
"E065","기타 만성 갑상선염","0","1","1"
"E069","상세불명의 갑상선염","2","0","2"
"E079","상세불명의 갑상선의 장애","1","2","3"
"E1000","고삼투압과 혼수를 동반한 1형 당뇨병","1","0","1"
"E1031","당뇨병성 비증식성 망막병증을 동반한 1형 당뇨병(H360*)","1","0","1"
"E1041","당뇨병성 다발신경병증을 동반한 1형 당뇨병(G632*)","1","1","2"
"E1050","당뇨병성 말초혈관병증을 동반한, 괴저를 동반하지 않는 1형 당뇨병(I792*)","1","3","4"
"E1051","당뇨병성 말초혈관병증을 동반한, 괴저를 동반한 1형 당뇨병(I792*)","2","1","3"
"E1078","기타 다발성 합병증을 동반한 1형 당뇨병","1","0","1"
"E109","합병증을 동반하지 않은 1형 당뇨병","3","0","3"
"E1100","고삼투압과 혼수를 동반한 2형 당뇨병","2","0","2"
"E1103","혼수와 케토산증 및 젖산증을 동반한 2형 당뇨병","1","0","1"
"E1110","케토산증을 동반한 2형 당뇨병","1","0","1"
"E1120","초기 당뇨병성 신장병증을 동반한 2형 당뇨병(N083*)","3","0","3"
"E1121","확정된 당뇨병성 신장병증을 동반한 2형 당뇨병(N083*)","17","6","23"
"E1122","말기신장병을 동반한 2형 당뇨병(N083*)","196","81","277"
"E1128","기타 및 상세불명의 신장합병증을 동반한 2형 당뇨병(N083*)","328","139","467"
"E1131","당뇨병성 비증식성 망막병증을 동반한 2형 당뇨병(H360*)","50","20","70"
"E1132","당뇨병성 증식성 망막병증을 동반한 2형 당뇨병(H360*)","32","22","54"
"E1133","기타 및 상세불명의 망막병증을 동반한 2형 당뇨병(H360*)","69","20","89"
"E1134","당뇨병성 백내장을 동반한 2형 당뇨병(H280*)","2","5","7"
"E1138","기타 및 상세불명의 눈합병증을 동반한 2형 당뇨병","0","1","1"
"E1140","당뇨병성 단일신경병증을 동반한 2형 당뇨병","1","0","1"
"E1141","당뇨병성 다발신경병증을 동반한 2형 당뇨병(G632*)","42","22","64"
"E1142","당뇨병성 자율신경병증을 동반한 2형 당뇨병(G990*)","1","1","2"
"E1148","기타 및 상세불명의 신경학적 합병증을 동반한 2형 당뇨병","2","2","4"
"E1150","당뇨병성 말초혈관병증을 동반한, 괴저를 동반하지 않는 2형 당뇨병(I792*)","10","0","10"
"E1151","당뇨병성 말초혈관병증을 동반한, 괴저를 동반한 2형 당뇨병(I792*)","7","10","17"
"E1158","기타 및 상세불명의 순환계 합병증을 동반한 2형 당뇨병","2","1","3"
"E1163","저혈당을 동반한 2형 당뇨병","14","10","24"
"E1164","혈당조절이 되지 않은 2형 당뇨병","121","54","175"
"E1168","달리 분류되지 않은 기타 명시된 합병증을 동반한 2형 당뇨병","0","1","1"
"E1170","당뇨병성 족부궤양을 동반한 2형 당뇨병","3","1","4"
"E1171","당뇨병성 족부궤양 및 괴저를 동반한 2형 당뇨병","7","4","11"
"E1172","기타 및 상세불명의 당뇨병성 족부합병증을 동반한 2형 당뇨병","13","7","20"
"E1178","기타 다발성 합병증을 동반한 2형 당뇨병","37","13","50"
"E118","상세불명의 합병증을 동반한 2형 당뇨병","4","3","7"
"E119","합병증을 동반하지 않은 2형 당뇨병","3221","2197","5418"
"E1328","기타 및 상세불명의 신장합병증을 동반한 기타 명시된 당뇨병(N083*)","1","0","1"
"E1358","기타 및 상세불명의 순환계 합병증을 동반한 기타 명시된 당뇨병","1","1","2"
"E1364","혈당조절이 되지 않은 기타 명시된 당뇨병","2","0","2"
"E138","상세불명의 합병증을 동반한 기타 명시된 당뇨병","1","0","1"
"E139","합병증을 동반하지 않은 기타 명시된 당뇨병","1","0","1"
"E1400","고삼투압과 혼수를 동반한 상세불명의 당뇨병","2","1","3"
"E1428","기타 및 상세불명의 신장합병증을 동반한 상세불명의 당뇨병(N083*)","3","0","3"
"E1470","당뇨병성 족부궤양을 동반한 상세불명의 당뇨병","4","0","4"
"E1472","기타 및 상세불명의 당뇨병성 족부합병증을 동반한 상세불명의 당뇨병","1","1","2"
"E1478","기타 다발성 합병증을 동반한 상세불명의 당뇨병","22","10","32"
"E149","합병증을 동반하지 않은 상세불명의 당뇨병","2","0","2"
"E162","상세불명의 저혈당","5","4","9"
"E200","특발성 부갑상선기능저하증","1","0","1"
"E209","상세불명의 부갑상선기능저하증","2","1","3"
"E210","원발성 부갑상선기능항진증","2","0","2"
"E211","달리 분류되지 않은 이차성 부갑상선기능항진증","1","2","3"
"E213","상세불명의 부갑상선기능항진증","0","3","3"
"E222","부적절항이뇨호르몬분비증후군","3","2","5"
"E230","뇌하수체기능저하","2","1","3"
"E236","뇌하수체의 기타 장애","2","1","3"
"E242","약물유발 쿠싱증후군","1","0","1"
"E260","원발성 고알도스테론증","0","1","1"
"E271","원발성 부신피질부전","1","0","1"
"E272","애디슨발증","0","1","1"
"E273","약물유발 부신피질부전","1","0","1"
"E274","기타 및 상세불명의 부신피질부전","17","16","33"
"E278","부신의 기타 명시된 장애","16","11","27"
"E279","부신의 상세불명 장애","1","0","1"
"E282","다낭성 난소증후군","0","1","1"
"E291","고환기능저하","1","0","1"
"E328","기타 흉선의 질환","1","1","2"
"E46","상세불명의 단백질-에너지영양실조","1","0","1"
"E512","베르니케뇌병증","4","1","5"
"E519","상세불명의 티아민결핍","0","1","1"
"E538","기타 명시된 비타민 B군의 결핍증","2","1","3"
"E559","상세불명의 비타민D결핍","0","1","1"
"E568","기타 비타민결핍","1","0","1"
"E649","상세불명의 영양결핍의 후유증","1","0","1"
"E669","상세불명의 비만","3","0","3"
"E722","요소회로대사장애","1","1","2"
"E755","기타 지질축적장애","3","1","4"
"E780","순수 고콜레스테롤혈증","30","17","47"
"E781","순수 고글리세라이드혈증","6","1","7"
"E782","혼합성 고지질혈증","3","2","5"
"E784","기타 고지질혈증","2","2","4"
"E785","상세불명의 고지질혈증","171","106","277"
"E788","지질단백대사의 기타 장애","11","11","22"
"E789","지질단백대사의 상세불명 장애","1","3","4"
"E790","염증성 관절염 및 통풍성 질환의 징후가 없는 고뇨산혈증","1","1","2"
"E806","빌리루빈대사의 기타 장애","2","1","3"
"E831","철대사장애","0","1","1"
"E833","인대사 및 인산분해효소 장애","0","2","2"
"E835","칼슘대사장애","3","5","8"
"E854","기관한정아밀로이드증","2","2","4"
"E859","상세불명의 아밀로이드증","1","0","1"
"E860","탈수","4","2","6"
"E861","혈량감소","0","1","1"
"E868","기타 또는 상세불명 용적고갈","0","1","1"
"E870","고오스몰랄농도 및 고나트륨혈증","11","5","16"
"E871","저오스몰랄농도 및 저나트륨혈증","30","29","59"
"E872","산증","6","4","10"
"E873","알칼리증","1","1","2"
"E875","고칼륨혈증","26","11","37"
"E876","저포타슘혈증","4","2","6"
"E877","체액과부하","1","0","1"
"E878","달리 분류되지 않는 전해질균형 및 체액균형의 기타 장애","1","0","1"
"E880","달리 분류되지 않은 혈장-단백질대사의 장애","4","0","4"
"E883","종양용해증후군","2","1","3"
"E888","기타 명시된 대사장애","1","1","2"
"E890","처치후 갑상선기능저하증","37","20","57"
"E891","처치후 저인슐린혈증","1","0","1"
"E893","처치후 뇌하수체기능저하증","3","2","5"
"F000","조기발병 알츠하이머병에서의 치매(G300†)","3","0","3"
"F001","만기발병 알츠하이머병에서의 치매(G301†)","6","3","9"
"F002","비정형 또는 혼합형 알츠하이머병에서의 치매(G308†)","1","0","1"
"F009","상세불명의 알츠하이머병에서의 치매(G309†)","89","41","130"
"F010","급성 발병의 혈관성 치매","3","0","3"
"F011","다발-경색치매","1","0","1"
"F013","혼합형 피질 및 피질하 혈관성 치매","0","2","2"
"F018","기타 혈관성 치매","8","2","10"
"F019","상세불명의 혈관성 치매","99","61","160"
"F020","피크병에서의 치매(G3100†)","2","0","2"
"F022","헌팅톤병에서의 치매(G10†)","1","0","1"
"F023","파킨슨병에서의 치매(G20†)","6","5","11"
"F024","인체면역결핍바이러스병에서의 치매(B220†)","0","1","1"
"F028","달리 분류된 기타 명시된 질환에서의 치매","10","0","10"
"F03","상세불명의 치매","250","305","555"
"F050","치매에 병발되지 않은 섬망","34","21","55"
"F051","치매에 병발된 섬망","2","8","10"
"F058","기타 섬망","5","4","9"
"F059","상세불명의 섬망","69","94","163"
"F060","기질성 환각증","5","0","5"
"F061","기질성 긴장성 장애","0","1","1"
"F062","기질성 망상성 [조현병-유사]장애","2","0","2"
"F064","기질성 불안장애","1","0","1"
"F067","경도 인지장애","4","3","7"
"F068","뇌손상, 뇌기능이상 및 신체질환에 의한 기타 명시된 정신장애","0","1","1"
"F069","뇌손상, 뇌기능이상 및 신체질환에 의한 상세불명의 정신장애","1","1","2"
"F070","기질성 인격장애","3","0","3"
"F072","뇌진탕후증후군","1","0","1"
"F079","뇌질환, 뇌손상 및 뇌기능 이상에 의한 상세불명의 기질성 인격 및 행동 장애","1","0","1"
"F09","상세불명의 기질성 또는 증상성 정신장애","1","0","1"
"F101","알콜의 유해한 사용","1","0","1"
"F102","알콜의 의존증후군","40","20","60"
"F103","알콜의 금단상태","0","1","1"
"F104","섬망을 동반한 알콜의 금단상태","0","5","5"
"F107","알콜 잔류 및 만기-발병 정신병적 장애","5","3","8"
"F108","알콜사용에 의한 기타 정신 및 행동 장애","0","1","1"
"F109","알콜사용에 의한 상세불명의 정신 및 행동 장애","0","1","1"
"F19","여러 약물 사용 및 기타 정신활성물질의 사용에 의한 정신 및 행동 장애","0","1","1"
"F190","여러 약물 사용 및 기타 정신활성물질 사용에 의한 급성 중독","2","4","6"
"F200","편집조현병","14","17","31"
"F209","상세불명의 조현병","68","28","96"
"F220","망상장애","3","4","7"
"F250","조현정동장애, 조증형","6","2","8"
"F259","상세불명의 조현정동장애","1","1","2"
"F28","기타 비기질성 정신병장애","1","0","1"
"F29","상세불명의 비기질성 정신병","0","1","1"
"F310","양극성 정동장애, 현존 경조증","1","0","1"
"F311","양극성 정동장애, 현존 정신병적 증상이 없는 조증","5","5","10"
"F313","양극성 정동장애, 현존 경증 또는 중등도의 우울증","1","0","1"
"F317","양극성 정동장애, 현존 관해상태","1","0","1"
"F318","기타 양극성 정동장애","1","0","1"
"F319","상세불명의 양극성 정동장애","19","10","29"
"F320","경도 우울에피소드","6","1","7"
"F321","중등도 우울에피소드","2","3","5"
"F322","정신병적 증상이 없는 중증의 우울에피소드","5","4","9"
"F323","정신병적 증상이 있는 중증의 우울에피소드","0","4","4"
"F328","기타 우울에피소드","2","2","4"
"F329","상세불명의 우울에피소드","37","41","78"
"F331","재발성 우울장애, 현존 중등도","0","1","1"
"F332","재발성 우울장애, 현존 정신병적 증상이 없는 중증","0","1","1"
"F338","기타 재발성 우울장애","0","1","1"
"F339","상세불명의 재발성 우울장애","2","2","4"
"F349","상세불명의 지속성 기분[정동]장애","1","0","1"
"F39","상세불명의 기분[정동]장애","4","0","4"
"F402","특정 (고립된) 공포증","1","0","1"
"F410","공황장애[우발적 발작성 불안]","5","8","13"
"F412","혼합형 불안 및 우울장애","5","2","7"
"F413","기타 혼합형 불안장애","1","0","1"
"F419","상세불명의 불안장애","10","7","17"
"F429","상세불명의 강박장애","0","1","1"
"F431","외상후스트레스장애","4","0","4"
"F450","신체화장애","0","1","1"
"F458","기타 신체형장애","1","1","2"
"F480","신경무력증","0","1","1"
"F510","비기질성 불면증","13","6","19"
"F518","기타 비기질성 수면장애","0","2","2"
"F519","상세불명의 비기질성 수면장애","1","0","1"
"F609","상세불명의 인격장애","1","0","1"
"F639","상세불명의 습관 및 충동 장애","1","1","2"
"F709","행동의 장애에 대한 언급이 없는 경도 정신지체","0","2","2"
"F980","비기질성 유뇨증","0","2","2"
"F99","정신장애 NOS","1","0","1"
"G008","기타 세균성 수막염","0","1","1"
"G009","상세불명의 세균성 수막염","2","1","3"
"G030","비화농성 수막염","2","3","5"
"G039","상세불명의 수막염","1","2","3"
"G042","달리 분류되지 않은 세균성 수막뇌염 및 수막척수염","1","0","1"
"G048","기타 뇌염, 척수염 및 뇌척수염","1","0","1"
"G049","상세불명의 뇌염, 척수염 및 뇌척수염","4","2","6"
"G060","두개내 농양 및 육아종","3","0","3"
"G09","중추신경계통의 염증성 질환의 후유증","0","1","1"
"G10","헌팅톤병","2","0","2"
"G112","만기발병 소뇌성 운동실조","1","0","1"
"G113","DNA복구결손을 수반한 소뇌성 운동실조","0","1","1"
"G119","상세불명의 유전성 운동실조","0","1","1"
"G1221","산발형 근위축측삭경화증","10","2","12"
"G1223","진행성 연수마비","0","1","1"
"G1228","기타 및 상세불명의 운동신경세포병","2","2","4"
"G130","신생물딸림 신경근육병증 및 신경병증","2","0","2"
"G20","파킨슨병","319","115","434"
"G210","악성 신경이완증후군","2","0","2"
"G211","기타 약물유발 이차성 파킨슨증","1","0","1"
"G214","혈관성 파킨슨증","9","0","9"
"G219","상세불명의 이차성 파킨슨증","6","0","6"
"G22","달리 분류된 질환에서의 파킨슨증","1","0","1"
"G231","진행성 핵상안근마비 [스틸-리차드슨-올스제위스키]","8","1","9"
"G232","다발계통 위축, 파킨슨병형 [MSA-P]","2","0","2"
"G233","다발계통 위축, 소뇌형 [MSA-C]","5","1","6"
"G238","기저핵의 기타 명시된 퇴행성 질환","1","0","1"
"G240","약물유발 근긴장이상","1","0","1"
"G245","안검연축","1","0","1"
"G249","상세불명의 근긴장이상","1","0","1"
"G250","본태성 떨림","10","3","13"
"G251","약물유발 떨림","2","1","3"
"G252","기타 명시된 떨림 형태","0","1","1"
"G253","마이오클로누스","9","1","10"
"G255","기타 무도병","1","0","1"
"G258","기타 명시된 추체외로 및 운동 장애","0","1","1"
"G259","상세불명의 추체외로 및 운동 장애","1","1","2"
"G300","조기발병을 수반한 알츠하이머병","3","0","3"
"G301","만기발병을 수반한 알츠하이머병","6","3","9"
"G308","기타 알츠하이머병","2","0","2"
"G309","상세불명의 알츠하이머병","105","52","157"
"G3100","행동변이전두측두치매","2","0","2"
"G3182","루이소체치매(F028*)","11","0","11"
"G3183","피질기저핵증후군","1","0","1"
"G319","신경계통의 상세불명 퇴행성 질환","1","0","1"
"G328","달리 분류된 질환에서의 신경계통의 기타 명시된 퇴행성 장애","1","0","1"
"G35","다발경화증","2","1","3"
"G373","중추신경계통의 탈수초질환에서의 급성 횡단척수염","1","0","1"
"G4000","난치성 뇌전증을 동반하지 않은 국소발병의 발작을 동반한 국소화-관련 (초점성)(부분적) 특발성 뇌전증 및 뇌전증증후군","0","1","1"
"G4001","난치성 뇌전증을 동반한 국소발병의 발작을 동반한 국소화-관련 (초점성)(부분적) 특발성 뇌전증 및 뇌전증증후군","2","0","2"
"G4010","난치성 뇌전증을 동반하지 않은 단순부분발작을 동반한 국소화-관련 (초점성)(부분적) 증상성 뇌전증 및  뇌전증증후군","0","1","1"
"G4030","난치성 뇌전증을 동반하지 않은 전신성 특발성 뇌전증 및 뇌전증증후군","3","0","3"
"G4080","난치성 뇌전증을 동반하지 않은 기타 뇌전증","0","1","1"
"G4090","난치성 뇌전증을 동반하지 않은 상세불명의 뇌전증","6","4","10"
"G4091","난치성 뇌전증을 동반한 상세불명의 뇌전증","3","0","3"
"G419","상세불명의 뇌전증지속상태","2","2","4"
"G439","상세불명의 편두통","2","5","7"
"G442","긴장형두통","1","3","4"
"G448","기타 명시된 두통증후군","1","2","3"
"G450","척추-뇌기저동맥증후군","1","0","1"
"G454","일과성 완전기억상실","0","4","4"
"G459","상세불명의 일과성 뇌허혈발작","16","11","27"
"G463","뇌간뇌졸중 증후군(I60-I67†)","3","0","3"
"G467","기타 열공증후군(I60-I67†)","1","1","2"
"G470","수면 개시 및 유지 장애[불면증]","21","20","41"
"G4730","폐색성 수면무호흡","5","2","7"
"G4732","혼합형 수면무호흡","1","0","1"
"G4738","기타 수면무호흡","9","2","11"
"G478","기타 수면장애","0","2","2"
"G479","상세불명의 수면장애","1","8","9"
"G500","삼차신경통","2","3","5"
"G501","비전형안면통증","4","0","4"
"G510","벨마비","16","17","33"
"G513","간대성 반쪽얼굴연축","0","1","1"
"G530","대상포진후신경통(B022†)","10","7","17"
"G546","통증을 동반한 환상지증후군","1","0","1"
"G551","추간판 장애에서의 신경근 및 신경총 압박(M50-M51†)","54","13","67"
"G560","손목터널증후군","29","23","52"
"G562","척골신경의 병변","19","10","29"
"G564","복합부위통증증후군 Ⅱ형","9","0","9"
"G571","이상감각성 대퇴신경통","0","1","1"
"G576","발바닥신경의 병변","2","0","2"
"G5788","다리의 기타 단일신경병증","1","0","1"
"G580","늑간신경병증","0","1","1"
"G610","길랭-바레증후군","5","1","6"
"G618","기타 염증성 다발신경병증","4","0","4"
"G620","약물유발 다발신경병증","10","0","10"
"G628","기타 명시된 다발신경병증","1","0","1"
"G629","상세불명의 다발신경병증","45","6","51"
"G632","당뇨병성 다발신경병증(4단위 및 5단위 숫자 41에 해당되는 E10-E14†)","45","24","69"
"G700","중증근무력증","2","1","3"
"G720","약물유발 근병증","1","0","1"
"G724","달리 분류되지 않은 염증성 근병증","0","1","1"
"G735","내분비성 질환에서의 근병증","1","0","1"
"G736","대사질환에서의 근병증","1","0","1"
"G811","강직성 편마비","56","20","76"
"G819","상세불명의 편마비","175","105","280"
"G822","상세불명의 하반신마비","24","8","32"
"G825","상세불명의 사지마비","135","100","235"
"G831","다리의 단일마비","0","1","1"
"G834","말총증후군","1","0","1"
"G839","상세불명의 마비증후군","2","0","2"
"G900","특발성 말초성 자율신경병증","1","0","1"
"G909","자율신경계통의 상세불명 장애","2","1","3"
"G910","교통성 수두증","10","1","11"
"G912","정상뇌압 수두증","14","9","23"
"G913","상세불명의 외상후 수두증","1","2","3"
"G918","기타 수두증","9","9","18"
"G919","상세불명의 수두증","35","30","65"
"G930","대뇌낭","1","1","2"
"G931","달리 분류되지 않은 무산소성 뇌손상","14","15","29"
"G932","양성 두개내압상승","1","0","1"
"G934","상세불명의 뇌병증","2","1","3"
"G935","뇌압박","1","0","1"
"G936","뇌부종","3","0","3"
"G9380","대사성 뇌병증","1","3","4"
"G9388","뇌의 기타 명시된 장애","6","1","7"
"G948","달리 분류된 질환에서의 뇌의 기타 명시된 장애","1","0","1"
"G950","척수공동증 및 연수공동증","2","1","3"
"G951","혈관성 척수병증","1","0","1"
"G952","상세불명의 척수압박","0","3","3"
"G958","척수의 기타 명시된 질환","4","2","6"
"G959","척수의 상세불명 질환","14","4","18"
"G960","뇌척수액 누출","1","0","1"
"G969","중추신경계통의 상세불명 장애","14","3","17"
"G978","신경계통의 기타 처치후 장애","1","0","1"
"G98","달리 분류되지 않은 신경계통의 기타 장애","3","1","4"
"G990","내분비 및 대사성 질환에서의 자율신경병증","1","1","2"
"G992","달리 분류된 질환에서의 척수병증","13","10","23"
"G998","달리 분류된 질환에서의 신경계통의 기타 명시된 장애","0","1","1"
"H0000","외맥립종","2","2","4"
"H001","콩다래끼","0","1","1"
"H0109","상세불명의 안검염","4","0","4"
"H011","눈꺼풀의 비감염성 피부병","1","0","1"
"H018","눈꺼풀의 기타 명시된 염증","1","0","1"
"H0200","반흔성 안검내반","2","0","2"
"H0202","노년성 안검내반","1","1","2"
"H0203","강직성 안검내반","6","3","9"
"H0209","상세불명의 안검내반","2","2","4"
"H0210","반흔성 안검외반","4","0","4"
"H0213","강직성 안검외반","1","0","1"
"H0219","상세불명의 안검외반","4","0","4"
"H0241","근원성 안검하수","0","3","3"
"H0242","마비성 안검하수","4","2","6"
"H0249","상세불명의 안검하수","12","0","12"
"H0288","눈꺼풀의 기타 명시된 장애","1","0","1"
"H029","눈꺼풀의 상세불명 장애","1","0","1"
"H031","달리 분류된 기타 감염성 질환의 눈꺼풀 침범","0","1","1"
"H0411","건성안증후군","14","5","19"
"H0418","눈물샘의 기타 장애","0","1","1"
"H0429","상세불명 원인에 기인한 눈물흘림","1","0","1"
"H0439","상세불명의 누낭염","0","2","2"
"H0453","누소관협착","1","2","3"
"H0454","비루관의 후천적 협착","2","3","5"
"H0456","눈물주머니협착","1","2","3"
"H0468","눈물길에서의 기타 변화","0","1","1"
"H048","눈물계통의 기타 장애","2","0","2"
"H050","안와의 급성 염증","1","5","6"
"H054","안구함몰","2","0","2"
"H062","갑상선이상성 안구돌출(E050+)","1","0","1"
"H103","상세불명의 급성 결막염","0","1","1"
"H108","기타 결막염","0","1","1"
"H109","상세불명의 결막염","5","3","8"
"H1108","눈의 기타 및 상세불명의 군날개","2","1","3"
"H1114","결막황반","1","0","1"
"H113","결막출혈","6","5","11"
"H1141","결막부종","1","1","2"
"H1142","결막충혈","7","4","11"
"H1181","결막이완","1","0","1"
"H1519","상세불명의 상공막염","1","0","1"
"H1609","상세불명의 각막궤양","8","3","11"
"H1611","실모양각막염","2","0","2"
"H1621","건성 각막결막염, 쇼그렌으로 분류되지 않은","1","0","1"
"H1624","플릭텐 각막결막염","1","0","1"
"H1640","유령혈관(각막의)","1","1","2"
"H181","수포성 각막병증","3","1","4"
"H182","기타 각막부종","2","0","2"
"H184","각막 변성","1","0","1"
"H1878","기타 각막변형","1","0","1"
"H188","각막의 기타 명시된 장애","1","0","1"
"H191","헤르페스바이러스 각막염 및 각막결막염(B0051+)","2","1","3"
"H192","달리 분류된 기타 감염성 및 기생충 질환에서의  각막염 및 각막결막염","2","0","2"
"H209","상세불명의 홍채섬모체염","2","2","4"
"H210","전방출혈","5","2","7"
"H215","홍채 및 섬모체의 기타 유착 및 파열","1","0","1"
"H218","홍채 및 섬모체의 기타 명시된 장애","6","7","13"
"H2509","노년성 초기백내장, 상세불명의 부위","1","1","2"
"H2510","노년성 핵백내장, 오른쪽","0","1","1"
"H2511","노년성 핵백내장, 왼쪽","1","0","1"
"H2580","기타 노년백내장, 오른쪽","1","1","2"
"H2581","기타 노년백내장, 왼쪽","2","0","2"
"H2582","기타 노년백내장, 양쪽","1","1","2"
"H2590","상세불명의 노년백내장, 오른쪽","300","428","728"
"H2591","상세불명의 노년백내장, 왼쪽","308","451","759"
"H2592","상세불명의 노년백내장, 양쪽","147","222","369"
"H2599","상세불명의 노년백내장, 상세불명 쪽","5","0","5"
"H264","후발백내장","1","0","1"
"H2640","후발백내장, 오른쪽","1","2","3"
"H2641","후발백내장, 왼쪽","2","1","3"
"H2642","후발백내장, 양쪽","1","0","1"
"H2682","기타 명시된 백내장, 양쪽","0","1","1"
"H2690","상세불명의 백내장, 오른쪽","1","2","3"
"H2691","상세불명의 백내장, 왼쪽","3","1","4"
"H2692","상세불명의 백내장, 양쪽","14","6","20"
"H2699","상세불명의 백내장, 상세불명 쪽","11","2","13"
"H270","무수정체","1","3","4"
"H280","당뇨병성 백내장( 4단위 및 5단위 숫자 34에 해당되는 E10-E14+)","2","5","7"
"H310","맥락망막흉터","0","1","1"
"H314","맥락막박리","0","2","2"
"H318","맥락막의 기타 명시된 장애","0","3","3"
"H3304","전체 망막박리","0","1","1"
"H3309","상세불명의 망막열공이 있는 망막박리","8","9","17"
"H3319","상세불명의 망막분리","0","2","2"
"H3330","망막의 말굽형찢김","0","3","3"
"H3339","상세불명의 망막열공","7","8","15"
"H334","망막의 견인박리","3","4","7"
"H3350","삼출성 망막박리","1","1","2"
"H341","중심망막동맥폐쇄","1","1","2"
"H342","기타 망막동맥폐쇄","5","3","8"
"H348","기타 망막혈관폐쇄","3","5","8"
"H349","상세불명의 망막혈관폐쇄","1","1","2"
"H3500","망막혈관형태의 변화","0","1","1"
"H3530","연령과 관련된 비삼출성 황반변성","3","3","6"
"H3531","연령과 관련된 삼출성 황반변성","9","11","20"
"H3533","황반의 낭, 구멍 또는 거짓구멍","9","9","18"
"H3535","황반의 드루젠(퇴행성)","3","3","6"
"H3536","황반의 주름","84","107","191"
"H3539","상세불명의 황반변성(연령과 관계된)","10","11","21"
"H3540","격자형망막변성","7","6","13"
"H3551","색소성 망막디스트로피","2","0","2"
"H356","망막출혈","8","6","14"
"H3571","장액성 망막색소상피 박리","2","0","2"
"H3579","상세불명의 망막층의 분리","0","1","1"
"H3580","망막부종","28","35","63"
"H3582","망막괴사","0","1","1"
"H3588","기타 명시된 망막장애","7","7","14"
"H359","상세불명의 망막장애","12","8","20"
"H360","당뇨병성 망막병증(4단위 및 5단위 숫자 30, 31, 32, 33에 해당되는 E10-E14+)","145","61","206"
"H400","녹내장 의심","4","1","5"
"H4019","상세불명의 원발성 개방우각녹내장","1","0","1"
"H4020","급성 폐쇄우각녹내장","2","0","2"
"H4029","상세불명의 원발성 폐쇄우각녹내장","2","1","3"
"H403","눈외상에 따른 이차성 녹내장","0","1","1"
"H405","기타 눈장애에 따른 이차성 녹내장","1","3","4"
"H406","약물에 의한 이차성 녹내장","0","1","1"
"H4088","기타 녹내장","18","8","26"
"H409","상세불명의 녹내장","26","15","41"
"H431","유리체출혈","25","24","49"
"H432","유리체내 결정침착물","5","5","10"
"H4338","기타 유리체혼탁","1","4","5"
"H4380","유리체변성","1","0","1"
"H4388","유리체의 기타 장애","2","2","4"
"H440","화농성 안내염","3","1","4"
"H441","기타 안내염","1","0","1"
"H445","안구의 퇴행성 병태","2","0","2"
"H46","시신경염","0","1","1"
"H488","달리 분류된 질환에서의 시신경 및 시각경로의 기타 장애","1","0","1"
"H490","제3뇌[동안]신경마비","4","2","6"
"H491","제4뇌[활차]신경마비","2","4","6"
"H492","제6뇌[외전]신경마비","3","4","7"
"H499","상세불명의 마비사시","1","0","1"
"H5009","상세불명의 내사시","0","1","1"
"H5019","상세불명의 외사시","1","1","2"
"H509","상세불명의 사시","1","0","1"
"H5250","내안근마비(완전, 전체)","0","1","1"
"H5313","시각의 불편","0","1","1"
"H532","복시(複視)","4","5","9"
"H5344","동측성 양쪽 시야결손","0","2","2"
"H5345","반대쪽 양쪽 시야결손","2","1","3"
"H536","야맹증","0","1","1"
"H539","상세불명의 시각장애","1","1","2"
"H540","양안실명","4","1","5"
"H544","단안실명","1","1","2"
"H549","상세불명의 시력장애(양안의)","0","1","1"
"H590","백내장수술로 인한 각막병증(수포성 무수정체증)","1","1","2"
"H598","눈 및 눈부속기의 기타 처치후 장애","22","20","42"
"H602","악성 외이도염","2","1","3"
"H6030","미만성 외이도염","0","2","2"
"H6032","수영자귀","1","0","1"
"H6038","기타 감염성 외이도염","1","0","1"
"H604","외이의 진주종","3","1","4"
"H6054","급성 반응성 외이도염","1","0","1"
"H6080","만성 외이도염 NOS","1","1","2"
"H6088","기타 외이도염","1","1","2"
"H609","상세불명의 외이도염","7","3","10"
"H6109","외이의 상세불명 연골막염","0","1","1"
"H6118","귓바퀴의 기타 비감염성 장애","1","1","2"
"H612","귀지떡","2","0","2"
"H620","달리 분류된 세균성 질환에서의 외이도염","0","1","1"
"H622","진균증에서의 외이도염","3","3","6"
"H6520","만성 장액성 중이염, 한쪽 또는 상세불명","1","4","5"
"H6531","만성 점액성 중이염, 양쪽","1","0","1"
"H65401","앨러지성 만성 중이염, 양쪽","1","0","1"
"H6590","상세불명의 비화농성 중이염, 한쪽 또는 상세불명","7","4","11"
"H6610","만성 이관고실의 화농성 중이염, 한쪽 또는 상세불명","9","9","18"
"H6611","만성 이관고실의 화농성 중이염, 양쪽","4","1","5"
"H6630","기타 만성 화농성 중이염, 한쪽 또는 상세불명","2","0","2"
"H6631","기타 만성 화농성 중이염, 양쪽","2","0","2"
"H6690","상세불명의 중이염, 한쪽 또는 상세불명","64","69","133"
"H6691","상세불명의 중이염, 양쪽","5","14","19"
"H701","만성 유돌염","10","4","14"
"H709","상세불명의 유돌염","4","1","5"
"H71","중이의 진주종","4","7","11"
"H720","고막의 중심천공","15","14","29"
"H728","고막의 기타 천공","1","0","1"
"H729","고막의 상세불명 천공","47","48","95"
"H7388","고막의 기타 명시된 장애","1","1","2"
"H809","상세불명의 귀경화증","1","0","1"
"H810","메니에르병","5","6","11"
"H811","양성 발작성 현기증","9","8","17"
"H812","전정신경세포염","6","4","10"
"H8138","기타 말초성 현기증","0","3","3"
"H819","전정기능의 상세불명 장애","0","1","1"
"H900","양쪽 전음성 청력소실","1","0","1"
"H903","양쪽 감각신경성 청력소실","69","38","107"
"H904","한쪽 감각신경성 청력소실, 반대편 청력은 정상","9","5","14"
"H905","상세불명의 감각신경성 청력소실","9","11","20"
"H906","전음성 및 감각신경성이 혼합된 양쪽 청력소실","2","1","3"
"H907","전음성 및 감각신경성이 혼합된 한쪽 청력소실, 반대편 청력은 정상","3","1","4"
"H9110","노년난청, 한쪽","2","0","2"
"H9111","노년난청, 양쪽","3","0","3"
"H9119","노년난청, 상세불명 쪽","1","1","2"
"H9120","돌발성 특발성 청력소실, 한쪽","19","17","36"
"H9121","돌발성 특발성 청력소실, 양쪽","3","2","5"
"H9129","돌발성 특발성 청력소실, 상세불명 쪽","1","0","1"
"H913","달리 분류되지 않은 농아","0","1","1"
"H9181","기타 명시된 청력소실, 양쪽","0","1","1"
"H9190","상세불명의 청력소실, 한쪽","0","1","1"
"H9191","상세불명의 청력소실, 양쪽","3","2","5"
"H9199","상세불명의 청력소실, 상세불명 쪽","1","1","2"
"H920","귀통증","2","3","5"
"H921","귓물","1","1","2"
"H922","귀출혈","0","1","1"
"H931","이명","14","18","32"
"H9328","기타 청각의 이상","2","11","13"
"H940","달리 분류된 감염성 및 기생충성 질환에서의 청신경염","1","0","1"
"I050","승모판협착","1","6","7"
"I051","류마티스성 승모판폐쇄부전","2","2","4"
"I059","상세불명의 승모판질환","1","0","1"
"I060","류마티스성 대동맥협착","1","1","2"
"I071","삼첨판폐쇄부전","3","2","5"
"I080","승모판 및 대동맥판의 장애","2","4","6"
"I081","승모판 및 삼첨판의 장애","3","3","6"
"I083","승모판, 대동맥판 및 삼첨판의 복합장애","0","2","2"
"I109","기타 및 상세불명의 원발성 고혈압","6260","4964","11224"
"I119","(울혈성) 심부전이 없는 고혈압성 심장병","0","1","1"
"I120","신부전을 동반한 고혈압성 신장병","10","8","18"
"I129","신부전이 없는 고혈압성 신장병","1","1","2"
"I132","(울혈성) 심부전 및 신부전을 동반한 고혈압성 심장 및 신장병","0","1","1"
"I139","상세불명의 고혈압성 심장 및 신장병","2","1","3"
"I159","상세불명의 이차성 고혈압","1","0","1"
"I200","불안정협심증","75","53","128"
"I201","연축의 기재가 있는 협심증","7","1","8"
"I2080","비정형협심증","4","3","7"
"I2088","기타 형태의 협심증","101","56","157"
"I209","상세불명의 협심증","298","135","433"
"I210","전벽의 급성 전층심근경색증","1","0","1"
"I211","하벽의 급성 전층심근경색증","2","1","3"
"I213","상세불명 부위의 급성 전층심근경색증","5","4","9"
"I214","급성 심내막하심근경색증","26","28","54"
"I219","상세불명의 급성 심근경색증","15","9","24"
"I240","심근경색증을 유발하지 않은 관상동맥혈전증","2","1","3"
"I249","상세불명의 급성 허혈심장병","2","2","4"
"I250","죽상경화성 심혈관질환으로 기술된 것","296","150","446"
"I251","죽상경화성 심장병","19","12","31"
"I252","오래된 심근경색증","7","3","10"
"I255","허혈심근병증","18","14","32"
"I256","무증상성 심근허혈","2","0","2"
"I258","기타 형태의 만성 허혈심장병","0","2","2"
"I259","상세불명의 만성 허혈심장병","131","68","199"
"I269","급성 폐심장증에 대한 언급이 없는 폐색전증","43","32","75"
"I270","원발성 폐동맥고혈압","0","2","2"
"I272","기타 이차성 폐동맥고혈압","24","19","43"
"I279","상세불명의 폐성 심장병","2","0","2"
"I310","만성 유착성 심장막염","1","0","1"
"I311","만성 협착성 심장막염","2","4","6"
"I313","심낭삼출액(비염증성)","42","35","77"
"I319","심장막의 상세불명의 질환","1","0","1"
"I320","달리 분류된 세균성 질환에서의 심장막염","3","5","8"
"I330","급성 및 아급성 감염성 심내막염","6","8","14"
"I339","상세불명의 급성 심내막염","1","3","4"
"I340","승모판폐쇄부전","16","15","31"
"I341","승모판탈출","1","4","5"
"I350","대동맥판협착","19","35","54"
"I351","대동맥판폐쇄부전","5","7","12"
"I352","폐쇄부전을 동반한 대동맥판협착","0","4","4"
"I361","비류마티스성 삼첨판폐쇄부전","1","5","6"
"I398","달리 분류된 질환에서의 상세불명 판막의 심내막염","0","1","1"
"I409","상세불명의 급성 심근염","1","0","1"
"I420","확장성 심근병증","19","18","37"
"I421","폐색성 비대성 심근병증","0","1","1"
"I422","기타 비대성 심근병증","4","4","8"
"I425","기타 제한성 심근병증","0","1","1"
"I427","약물 및 기타 외부요인에 의한 심근병증","1","1","2"
"I428","기타 심근병증","8","7","15"
"I429","상세불명의 심근병증","1","2","3"
"I440","방실차단, 1도","1","0","1"
"I441","방실차단, 2도","3","4","7"
"I442","완전방실차단","8","12","20"
"I443","기타 및 상세불명의 심방실차단","1","2","3"
"I447","상세불명의 좌각차단","0","1","1"
"I451","기타 및 상세불명의 우각차단","1","0","1"
"I455","기타 명시된 심장차단","2","0","2"
"I460","인공소생에 성공한 심장정지","7","6","13"
"I469","상세불명의 심장정지","1","0","1"
"I471","상심실성 빈맥","12","17","29"
"I472","심실성 빈맥","4","7","11"
"I480","발작성 심방세동","58","57","115"
"I481","지속성 심방세동","7","5","12"
"I482","만성 심방세동","1","0","1"
"I483","전형적 심방조동","11","11","22"
"I484","비전형심방조동","1","2","3"
"I489","상세불명의 심방세동 및 심방조동","255","239","494"
"I490","심실세동 및 조동","1","1","2"
"I491","심방조기탈분극","1","0","1"
"I493","심실조기탈분극","7","2","9"
"I495","동기능부전증후군","10","8","18"
"I498","기타 명시된 심장부정맥","1","0","1"
"I499","상세불명의 심장부정맥","11","16","27"
"I5003","우심부전","1","4","5"
"I5004","수축기능부전을 동반한 울혈성 심부전","17","11","28"
"I5008","기타 및 상세불명의 울혈성 심부전","84","91","175"
"I501","좌심실부전","66","71","137"
"I509","상세불명의 심부전","27","27","54"
"I517","심장비대","1","3","4"
"I600","경동맥사이폰 및 분기에서 기원한 지주막하출혈","1","1","2"
"I601","중대뇌동맥에서 기원한 지주막하출혈","0","2","2"
"I602","전교통동맥에서 기원한 지주막하출혈","0","1","1"
"I603","후교통동맥에서 기원한 지주막하출혈","0","1","1"
"I604","뇌기저동맥에서 기원한 지주막하출혈","0","1","1"
"I607","상세불명의 두개내동맥의 지주막하출혈","1","0","1"
"I609","상세불명의 지주막하출혈","4","16","20"
"I610","대뇌반구 피질하의 뇌내출혈","6","2","8"
"I611","대뇌반구 피질의 뇌내출혈","2","6","8"
"I612","상세불명 대뇌반구의 뇌내출혈","3","3","6"
"I613","뇌간의 뇌내출혈","5","5","10"
"I614","소뇌의 뇌내출혈","6","4","10"
"I615","뇌실내 뇌내출혈","3","11","14"
"I616","다발 부위에 국한된 뇌내출혈","1","1","2"
"I618","기타 뇌내출혈","0","1","1"
"I619","상세불명의 뇌내출혈","20","16","36"
"I620","경막하출혈(급성)(비외상성)","40","33","73"
"I621","비외상성 경막외출혈","1","1","2"
"I629","상세불명의 두개내출혈(비외상성)","13","13","26"
"I6300","척추동맥의 혈전증에 의한 뇌경색증","1","0","1"
"I6312","경동맥의 색전증에 의한 뇌경색증","1","0","1"
"I6319","상세불명의 뇌전동맥의 색전증에 의한 뇌경색증","1","0","1"
"I6320","척추동맥의 상세불명 폐쇄 또는 협착에 의한 뇌경색증","1","1","2"
"I6321","기저동맥의 상세불명 폐쇄 또는 협착에 의한 뇌경색증","0","1","1"
"I6322","경동맥의 상세불명 폐쇄 또는 협착에 의한 뇌경색증","2","9","11"
"I6330","중대뇌동맥의 혈전증에 의한 뇌경색증","2","0","2"
"I6340","중대뇌동맥의 색전증에 의한 뇌경색증","2","2","4"
"I6342","후대뇌동맥의 색전증에 의한 뇌경색증","1","1","2"
"I6349","상세불명의 대뇌동맥의 색전증에 의한 뇌경색증","0","1","1"
"I6350","중대뇌동맥의 상세불명 폐쇄 또는 협착에 의한 뇌경색증","6","12","18"
"I6351","전대뇌동맥의 상세불명 폐쇄 또는 협착에 의한 뇌경색증","0","2","2"
"I6352","후대뇌동맥의 상세불명 폐쇄 또는 협착에 의한 뇌경색증","0","3","3"
"I6358","기타 대뇌동맥의 상세불명 폐쇄 또는 협착에 의한 뇌경색증","0","1","1"
"I6359","상세불명의 대뇌동맥의 상세불명 폐쇄 또는 협착에 의한 뇌경색증","2","5","7"
"I638","기타 뇌경색증","6","12","18"
"I639","상세불명의 뇌경색증","416","290","706"
"I650","척추동맥의 폐쇄 및 협착","50","25","75"
"I651","뇌기저동맥의 폐쇄 및 협착","7","2","9"
"I652","경동맥의 폐쇄 및 협착","297","145","442"
"I660","중대뇌동맥의 폐쇄 및 협착","41","27","68"
"I661","전대뇌동맥의 폐쇄 및 협착","3","3","6"
"I662","후대뇌동맥의 폐쇄 및 협착","4","1","5"
"I668","기타 대뇌동맥의 폐쇄 및 협착","1","0","1"
"I67","기타 뇌혈관질환","2","0","2"
"I671","파열되지 않은 대뇌동맥류","105","164","269"
"I672","대뇌죽상경화증","2","4","6"
"I675","모야모야병","1","2","3"
"I676","두개내정맥계통의 비화농성 혈전증","1","0","1"
"I678","기타 명시된 뇌혈관질환","0","1","1"
"I679","상세불명의 뇌혈관질환","5","1","6"
"I690","지주막하출혈의 후유증","4","3","7"
"I691","뇌내출혈의 후유증","41","18","59"
"I692","기타 비외상성 두개내출혈의 후유증","18","21","39"
"I693","뇌경색증의 후유증","215","85","300"
"I694","출혈 또는 경색증으로 명시되지 않은 뇌졸중의 후유증","31","34","65"
"I698","기타 및 상세불명의 뇌혈관질환의 후유증","1","0","1"
"I7000","괴저를 동반하지 않은 대동맥의 죽상경화증","7","3","10"
"I7010","괴저를 동반하지 않은 신장동맥의 죽상경화증","1","0","1"
"I7022","간헐성 파행을 동반한 사지동맥의 죽상경화증","33","11","44"
"I7023","휴식통을 동반한 사지동맥의 죽상경화증","5","0","5"
"I7024","궤양을 동반한 사지동맥의 죽상경화증","3","1","4"
"I7025","괴저를 동반한 사지동맥의 죽상경화증","4","6","10"
"I7029","사지동맥의 상세불명 죽상경화증","63","32","95"
"I70830","괴저를 동반하지 않은 쇄골하동맥의 죽상경화증","2","0","2"
"I70880","괴저를 동반하지 않은 기타 동맥의 죽상경화증","0","1","1"
"I70920","괴저를 동반하지 않은 전신죽상경화증","6","4","10"
"I70990","괴저를 동반하지 않은 상세불명의 죽상경화증","5","2","7"
"I7101","복부대동맥","2","2","4"
"I7102","흉복부대동맥","2","0","2"
"I7103","흉부대동맥, 상행부위","2","3","5"
"I7104","흉부대동맥, 하행부위","2","1","3"
"I7105","상세불명의 흉부대동맥","1","0","1"
"I7109","대동맥 박리, 상세불명의 부위","1","0","1"
"I7111","흉부대동맥, 하행부위","0","1","1"
"I7119","상세불명의 흉부대동맥","1","0","1"
"I7120","흉부대동맥, 상행부위","5","4","9"
"I7121","흉부대동맥, 하행부위","7","4","11"
"I7129","상세불명의 흉부대동맥","10","3","13"
"I713","파열된 복부대동맥동맥류","4","3","7"
"I714","파열에 대한 언급이 없는 복부대동맥동맥류","36","16","52"
"I716","파열에 대한 언급이 없는 흉복부대동맥동맥류","1","1","2"
"I718","파열된 상세불명 부위의 대동맥동맥류","0","1","1"
"I719","파열에 대한 언급이 없는 상세불명 부위의 대동맥동맥류","3","2","5"
"I720","경동맥의 동맥류 및 박리","6","11","17"
"I723","장골동맥의 동맥류 및 박리","9","3","12"
"I7241","무릎위 동맥류 및 박리","2","0","2"
"I7249","상세불명 동맥류 및 박리","1","0","1"
"I726","척추동맥의 동맥류 및 박리","0","2","2"
"I7280","내장동맥의 동맥류 및 박리","1","0","1"
"I7288","기타 명시된 동맥의 동맥류 및 박리","0","1","1"
"I729","상세불명 부위의 동맥류 및 박리","1","1","2"
"I731","폐색혈전혈관염[버거병]","8","1","9"
"I7380","무릎아래동맥을 침범한 말초동맥폐쇄질환","8","2","10"
"I7388","기타 명시된 말초혈관질환","4","0","4"
"I739","상세불명의 말초혈관병","1","1","2"
"I741","대동맥의 기타 및 상세불명 부위의 색전증 및 혈전증","0","1","1"
"I7430","무릎아래 색전증 및 혈전증","1","0","1"
"I7431","무릎위 색전증 및 혈전증","1","2","3"
"I749","상세불명 동맥의 색전증 및 혈전증","1","0","1"
"I770","후천성 동정맥루","1","0","1"
"I771","동맥의 협착","9","3","12"
"I776","상세불명의 동맥염","1","2","3"
"I778","동맥 및 세동맥의 기타 명시된 장애","2","0","2"
"I790","달리 분류된 질환에서의 대동맥류","1","0","1"
"I792","달리 분류된 질환에서의 말초맥관병증","22","13","35"
"I798","달리 분류된 질환에서의 동맥, 세동맥 및 모세혈관의 기타 장애","1","0","1"
"I800","하지의 표재 혈관의 정맥염 및 혈전정맥염","0","1","1"
"I801","대퇴정맥의 정맥염 및 혈전정맥염","3","2","5"
"I802","하지의 기타 심부혈관의 정맥염 및 혈전정맥염","15","15","30"
"I803","상세불명의 하지의 정맥염 및 혈전정맥염","0","1","1"
"I808","기타 부위의 정맥염 및 혈전정맥염","1","0","1"
"I809","상세불명 부위의 정맥염 및 혈전정맥염","5","3","8"
"I81","문맥혈전증","5","5","10"
"I820","버드-키아리증후군","1","0","1"
"I821","이동성 혈전정맥염","0","1","1"
"I822","대정맥의 색전증 및 혈전증","3","0","3"
"I823","신장정맥의 색전증 및 혈전증","1","0","1"
"I828","기타 명시된 정맥의 색전증 및 혈전증","2","0","2"
"I829","상세불명 정맥의 색전증 및 혈전증","2","1","3"
"I830","궤양을 동반한 하지의 정맥류","1","0","1"
"I831","염증을 동반한 하지의 정맥류","1","0","1"
"I832","궤양과 염증을 동반한 하지의 정맥류","1","0","1"
"I839","궤양 또는 염증이 없는 하지의 정맥류","40","53","93"
"I8501","출혈이 있는 식도정맥류, 이차성","2","3","5"
"I8590","출혈이 없는 식도정맥류, 특발성","5","3","8"
"I8591","출혈이 없는 식도정맥류, 이차성","21","15","36"
"I864","위정맥류","19","10","29"
"I868","기타 명시된 부위의 정맥류","1","0","1"
"I871","정맥의 압박","3","2","5"
"I872","정맥기능부전(만성)(말초성)","8","18","26"
"I890","달리 분류되지 않은 림프부종","5","5","10"
"I891","림프관염","1","0","1"
"I898","기타 명시된 림프관 및 림프절의 비감염성 장애","0","1","1"
"I950","특발성 저혈압","1","0","1"
"I951","기립성 저혈압","30","20","50"
"I952","약물에 의한 저혈압","3","0","3"
"I959","상세불명의 저혈압","11","6","17"
"I971","심장수술후의 기타 기능장애","1","0","1"
"I972","유방절제후림프부종증후군","0","2","2"
"I978","달리 분류되지 않은 순환계통의 기타 처치후 장애","3","1","4"
"I982","달리 분류된 질환에서의 출혈을 동반하지 않은 식도정맥류","10","5","15"
"I983","달리 분류된 질환에서의 출혈을 동반한 식도정맥류","5","1","6"
"J00","급성 비인두염[감기]","6","7","13"
"J0190","재발성으로 명시되어 있지 않은 상세불명의 급성 부비동염","0","2","2"
"J0191","재발성 상세불명의 급성 부비동염","0","1","1"
"J029","상세불명의 급성 인두염","5","4","9"
"J0390","재발성으로 명시되어 있지 않은 상세불명의 급성 편도염","0","1","1"
"J0391","재발성 상세불명의 급성 편도염","1","1","2"
"J040","급성 후두염","5","3","8"
"J0510","폐색을 동반하지 않은 급성 후두개염","2","3","5"
"J0511","폐색을 동반한 급성 후두개염","1","0","1"
"J060","급성 후두인두염","2","0","2"
"J069","상세불명의 급성 상기도감염","6","2","8"
"J09","확인된 동물매개 또는 범유행 인플루엔자바이러스에 의한 인플루엔자","6","0","6"
"J090","폐렴 동반한 인플루엔자","1","1","2"
"J100","계절성 인플루엔자바이러스가 확인된, 폐렴을 동반한 인플루엔자","10","2","12"
"J101","계절성 인플루엔자바이러스가 확인된, 기타 호흡기 증상을 동반한 인플루엔자","9","10","19"
"J11","바이러스가 확인되지 않은 인플루엔자","1","0","1"
"J110","바이러스가 확인되지 않은, 폐렴을 동반한 인플루엔자","1","0","1"
"J111","바이러스가 확인되지 않은, 기타 호흡기증상을 동반한 인플루엔자","1","1","2"
"J1288","기타 바이러스폐렴","1","0","1"
"J129","상세불명의 바이러스폐렴","1","0","1"
"J13","폐렴연쇄구균에 의한 폐렴","3","2","5"
"J14","인플루엔자균에 의한 폐렴","1","2","3"
"J150","폐렴간균에 의한 폐렴","35","44","79"
"J151","슈도모나스에 의한 폐렴","24","26","50"
"J152","포도구균에 의한 폐렴","85","74","159"
"J153","연쇄구균B군에 의한 폐렴","1","0","1"
"J154","기타 연쇄구균에 의한 폐렴","3","6","9"
"J155","대장균에 의한 폐렴","13","5","18"
"J156","그람음성균에 의한 기타 산소성 폐렴","17","8","25"
"J158","기타 세균성 폐렴","8","22","30"
"J159","상세불명의 세균성 폐렴","2","2","4"
"J173","기생충질환에서의 폐렴","1","0","1"
"J180","상세불명의 기관지폐렴","35","36","71"
"J181","상세불명의 대엽성 폐렴","1","2","3"
"J189","상세불명의 폐렴","420","349","769"
"J190","폐렴","0","1","1"
"J219","상세불명의 급성 세기관지염","5","10","15"
"J300","혈관운동성 비염","7","4","11"
"J301","화분에 의한 앨러지비염","2","0","2"
"J302","기타 계절성 앨러지비염","1","0","1"
"J304","상세불명의 앨러지비염","9","5","14"
"J310","만성 비염","22","16","38"
"J311","만성 비인두염","1","1","2"
"J320","만성 상악동염","32","22","54"
"J322","만성 사골동염","0","2","2"
"J324","만성 범부비동염","5","3","8"
"J328","기타 만성 부비동염","11","5","16"
"J329","상세불명의 만성 부비동염","47","37","84"
"J330","비강의 폴립","14","13","27"
"J338","부비동의 기타 폴립","2","1","3"
"J339","상세불명의 코폴립","2","3","5"
"J341","코 및 비동의 낭 및 점액류","0","1","1"
"J342","편위된 비중격","59","48","107"
"J343","코선반의 비대","10","16","26"
"J348","코 및 비동의 기타 명시된 장애","4","1","5"
"J350","만성 편도염","1","3","4"
"J351","편도의 비대","1","2","3"
"J352","아데노이드의 비대","0","1","1"
"J358","편도 및 아데노이드의 기타 만성 질환","5","1","6"
"J36","편도주위농양","2","1","3"
"J370","만성 후두염","9","5","14"
"J3800","성대 및 후두의 마비, 한쪽","8","3","11"
"J3801","성대 및 후두의 마비, 양쪽","2","0","2"
"J3809","성대 및 후두의 마비, 상세불명 쪽","2","0","2"
"J3810","성대의 폴립","3","1","4"
"J3811","후두의 폴립","1","0","1"
"J382","성대의 소결절","8","4","12"
"J383","성대의 기타 질환","21","11","32"
"J3840","라인케부종","2","2","4"
"J3849","상세불명의 후두부종","1","0","1"
"J387","후두의 기타 질환","18","11","29"
"J390","인두뒤 및 인두옆 농양","6","1","7"
"J391","인두의 기타 농양","4","0","4"
"J392","인두의 기타 질환","6","5","11"
"J398","상기도의 기타 명시된 질환","3","0","3"
"J40","급성인지 만성인지 명시되지 않은 기관지염","4","6","10"
"J42","상세불명의 만성 기관지염","7","4","11"
"J439","상세불명의 폐기종","50","49","99"
"J4400","급성 하기도감염을 동반한 만성 폐색성 폐질환, 경도","2","0","2"
"J4401","급성 하기도감염을 동반한 만성 폐색성 폐질환, 중등도","7","4","11"
"J4402","급성 하기도감염을 동반한 만성 폐색성 폐질환, 중증","7","4","11"
"J4409","급성 하기도감염을 동반한 만성 폐색성 폐질환, 상세불명","21","18","39"
"J4410","급성 악화를 동반한 상세불명의 만성 폐색성 폐질환, 경도","2","0","2"
"J4411","급성 악화를 동반한 상세불명의 만성 폐색성 폐질환, 중등도","7","3","10"
"J4412","급성 악화를 동반한 상세불명의 만성 폐색성 폐질환, 중증","11","7","18"
"J4419","급성 악화를 동반한 상세불명의 만성 폐색성 폐질환, 상세불명","34","34","68"
"J4480","기타 명시된 만성 폐색성 폐질환, 경도","3","0","3"
"J4481","기타 명시된 만성 폐색성 폐질환, 중등도","21","12","33"
"J4482","기타 명시된 만성 폐색성 폐질환, 중증","16","7","23"
"J4489","기타 명시된 만성 폐색성 폐질환, 상세불명","20","11","31"
"J4490","상세불명의 만성 폐색성 폐질환, 경도","22","14","36"
"J4491","상세불명의 만성 폐색성 폐질환, 중등도","100","44","144"
"J4492","상세불명의 만성 폐색성 폐질환, 중증","49","27","76"
"J4499","상세불명의 만성 폐색성 폐질환","137","77","214"
"J4509","상세불명의 주로 앨러지성 천식","1","0","1"
"J459","상세불명의 천식","92","71","163"
"J46","천식지속상태","0","1","1"
"J47","기관지확장증","16","22","38"
"J60","탄광부진폐증","3","4","7"
"J628","기타 실리카를 함유한 먼지에 의한 진폐증","0","1","1"
"J64","상세불명의 진폐증","4","5","9"
"J65","결핵과 연관된 진폐증","0","1","1"
"J690","음식 또는 구토물에 의한 폐렴","182","160","342"
"J698","기타 고체 및 액체에 의한 폐렴","1","0","1"
"J700","방사선에 의한 급성 폐증상","0","1","1"
"J704","상세불명의 약물유발 간질성 폐장애","1","0","1"
"J80","성인호흡곤란증후군","17","12","29"
"J81","폐부종","27","27","54"
"J820","호산구성 기관지염","0","1","1"
"J841","섬유증을 동반한 기타 간질성 폐질환","1","0","1"
"J8418","섬유증을 동반한 기타 간질성 폐질환","31","38","69"
"J848","기타 명시된 간질성 폐질환","3","0","3"
"J849","상세불명의 간질성 폐질환","17","12","29"
"J850","폐의 괴저 및 괴사","2","2","4"
"J851","폐렴을 동반한 폐의 농양","2","0","2"
"J852","폐렴을 동반하지 않은 폐의 농양","3","0","3"
"J860","누공이 있는 농흉","2","2","4"
"J869","누공이 없는 농흉","11","6","17"
"J90","달리 분류되지 않은 흉막삼출액","324","279","603"
"J931","기타 자발성 기흉","2","0","2"
"J938","기타 기흉","1","4","5"
"J939","상세불명의 기흉","28","37","65"
"J941","섬유흉(纖維胸)","2","2","4"
"J942","혈흉","2","2","4"
"J948","기타 명시된 흉막병태","6","9","15"
"J950","기관절개 기능부전","5","0","5"
"J951","흉부외과수술에 의한 급성 폐기능부전","1","0","1"
"J955","처치후 성문하협착","1","0","1"
"J958","기타 처치후 호흡장애","18","15","33"
"J9600","급성 호흡부전, I형[저산소성]","5","3","8"
"J9601","급성 호흡부전, II형[고탄산성]","6","2","8"
"J9609","급성 호흡부전, 상세불명형","24","10","34"
"J9610","만성 호흡부전, I형[저산소성]","3","4","7"
"J9611","만성 호흡부전, II형[고탄산성]","8","3","11"
"J9619","만성 호흡부전, 상세불명형","17","10","27"
"J9690","상세불명의 호흡부전, I형[저산소성]","1","2","3"
"J9691","상세불명의 호흡부전, II형[고탄산성]","4","0","4"
"J9699","상세불명의 호흡부전, 상세불명형","16","11","27"
"J9801","기관지의 협착","1","0","1"
"J9808","기관지의 기타 명시된 질환","2","2","4"
"J9810","무기폐","31","22","53"
"J9818","기타 폐허탈","0","1","1"
"J982","간질성 폐기종","1","3","4"
"J9840","고립성 폐결절","72","44","116"
"J9848","폐의 기타 장애","4","2","6"
"J985","달리 분류되지 않은 종격의 질환","1","1","2"
"J988","기타 명시된 호흡장애","1","1","2"
"J998","달리 분류된 기타 질환에서의 호흡장애","4","4","8"
"K0118","과잉매복치","0","1","1"
"K028","기타 치아우식","6","0","6"
"K029","상세불명의 치아우식","18","16","34"
"K0309","치아의 상세불명의 생리적 마모","1","1","2"
"K0319","치아의 상세불명 마모","3","0","3"
"K0409","상세불명의 치수염","0","1","1"
"K041","치수의 괴사","1","0","1"
"K045","만성 근단치주염","1","0","1"
"K047","동이 없는 근단주위농양","1","0","1"
"K0480","근단 및 외측의 치근낭","1","0","1"
"K0489","상세불명의 치근낭","0","2","2"
"K0519","상세불명의 만성 치은염","2","2","4"
"K0520","동이 없는 잇몸 기원의 치주농양","1","2","3"
"K0522","급성 치관주위염","1","0","1"
"K0530","만성 단순치주염","1","0","1"
"K0538","기타 명시된 만성 치주염","1","1","2"
"K0539","상세불명의 만성 치주염","29","8","37"
"K056","상세불명의 치주질환","2","1","3"
"K0618","기타 명시된 치은비대","1","0","1"
"K0688","잇몸 및 무치성 치조융기의 기타 명시된 장애","1","0","1"
"K076","턱관절장애","1","0","1"
"K0762","턱관절의 재발성 탈구 및 아탈구","0","1","1"
"K0768","기타 명시된 턱관절장애","0","1","1"
"K0769","상세불명의 턱관절장애","2","0","2"
"K081","사고, 추출 또는 국한성 치주병에 의한 치아상실","67","22","89"
"K083","잔류치근","3","5","8"
"K0880","치통 NOS","1","4","5"
"K090","발달성 치원성 낭","1","0","1"
"K098","달리 분류되지 않은 구강영역의 기타 낭","1","0","1"
"K102","턱의 염증성 병태","4","2","6"
"K109","턱의 상세불명 질환","0","1","1"
"K1120","급성 타액선염","5","0","5"
"K1122","만성 타액선염","4","0","4"
"K1129","상세불명의 타액선염","0","3","3"
"K113","침샘의 농양","1","0","1"
"K114","침샘의 누공","0","1","1"
"K115","타석증","3","0","3"
"K117","침분비의 장애","2","3","5"
"K118","침샘의 기타 질환","1","2","3"
"K119","침샘의 상세불명 질환","1","0","1"
"K120","재발성 구강 아프타","4","1","5"
"K121","구내염의 기타 형태","3","3","6"
"K122","입의 연조직염 및 농양","1","2","3"
"K123","구강점막염(궤양성)","2","1","3"
"K130","입술의 질환","2","0","2"
"K132","혀를 포함하는 구강상피의 백반 및 기타 장애","2","0","2"
"K137","구강점막의 기타 및 상세불명의 병변","0","2","2"
"K140","설염","1","2","3"
"K146","설통","1","1","2"
"K148","혀의 기타 질환","2","1","3"
"K149","혀의 상세불명 질환","1","0","1"
"K20","식도염","13","3","16"
"K210","식도염을 동반한 위-식도역류병","42","20","62"
"K219","식도염을 동반하지 않은 위-식도역류병","12","7","19"
"K220","분문의 이완불능증","0","2","2"
"K2210","출혈을 동반하지 않은 식도의 궤양","12","4","16"
"K2211","출혈을 동반한 식도의 궤양","3","1","4"
"K222","식도폐색","7","5","12"
"K224","식도의 운동장애","3","0","3"
"K225","후천성 식도게실","0","1","1"
"K226","위-식도열상-출혈증후군","3","1","4"
"K227","바렛식도","1","1","2"
"K228","식도의 기타 명시된 질환","2","1","3"
"K250","출혈이 있는 급성 위궤양","0","1","1"
"K2501","출혈이 있는 급성 위궤양","9","3","12"
"K2511","천공이 있는 급성 위궤양","1","2","3"
"K2531","출혈 또는 천공이 없는 급성 위궤양","4","3","7"
"K2540","출혈이 있는 만성 또는 상세불명 위미란","1","1","2"
"K2541","출혈이 있는 만성 또는 상세불명 위궤양","18","16","34"
"K2551","천공이 있는 만성 또는 상세불명 위궤양","0","1","1"
"K2570","출혈 또는 천공이 없는 만성 위미란","16","10","26"
"K2571","출혈 또는 천공이없는 만성 위궤양","11","16","27"
"K259","출혈 또는 천공이 없는 급성인지 만성인지 상세불명인 위궤양","0","1","1"
"K2590","출혈 또는 천공이 없는 급성인지  만성인지 상세불명인 위미란","3","1","4"
"K2591","출혈 또는 천공이 없는 급성인지 만성인지 상세불명인 위궤양","14","18","32"
"K260","출혈이 있는 급성 십이지장궤양","2","3","5"
"K263","출혈 또는 천공이 없는 급성 십이지장궤양","3","1","4"
"K264","출혈이 있는 만성 또는 상세불명 십이지장궤양","7","3","10"
"K265","천공이 있는 만성 또는 상세불명 십이지장궤양","0","1","1"
"K267","출혈 또는 천공이 없는 만성 십이지장궤양","8","6","14"
"K269","출혈 또는 천공이 없는 급성인지 만성인지 상세불명인 십이지장궤양","5","8","13"
"K271","천공이 있는 급성 상세불명 부위의 소화성 궤양","0","1","1"
"K274","출혈이 있는 만성 또는 상세불명 부위의 소화성 궤양","3","0","3"
"K279","출혈 또는 천공이 없는 급성인지 만성인지 상세불명인 상세불명 부위의 소화성 궤양","4","2","6"
"K289","출혈 또는 천공이 없는 급성인지 만성인지 상세불명인 위공장궤양","4","0","4"
"K290","급성 출혈성 위염","9","3","12"
"K291","기타 급성 위염","5","6","11"
"K293","만성 표재성 위염","25","21","46"
"K294","만성 위축성 위염","186","133","319"
"K295","상세불명의 만성 위염","82","69","151"
"K296","기타 위염","16","16","32"
"K297","상세불명의 위염","20","10","30"
"K298","십이지장염","15","9","24"
"K299","상세불명의 위십이지장염","1","1","2"
"K30","기능성 소화불량","14","9","23"
"K311","성인 비대성 유문협착","5","3","8"
"K314","위게실","4","1","5"
"K315","십이지장의 폐색","5","5","10"
"K317","위 및 십이지장의 폴립","13","9","22"
"K3180","출혈을 동반하지 않은 위 및 십이지장의 혈관형성이상","2","0","2"
"K3181","출혈을 동반한 위 및 십이지장의 혈관형성이상","3","0","3"
"K3188","위 및 십이지장의 기타 명시된 질환","5","5","10"
"K352","범복막염을 동반한 급성 충수염","2","1","3"
"K353","국소복막염을 동반한 급성 충수염","21","32","53"
"K358","기타 및 상세불명의 급성 충수염","4","14","18"
"K36","기타 충수염","1","2","3"
"K380","충수의 증식증","1","3","4"
"K388","충수의 기타 명시된 질환","4","10","14"
"K4020","재발성으로 명시되어 있지 않은, 폐색 또는 괴저가 없는 양쪽 사타구니탈장","8","11","19"
"K4021","재발성, 폐색 또는 괴저가 없는 양쪽 사타구니탈장","0","3","3"
"K4031","재발성, 폐색은 있지만 괴저가 없는 한쪽 또는 상세불명의 사타구니탈장","2","1","3"
"K4040","재발성으로 명시되어 있지 않은, 괴저가 있는 한쪽 또는 상세불명의 사타구니탈장","1","0","1"
"K4090","재발성으로 명시되어 있지 않은, 폐색 또는 괴저가 없는 한쪽 또는 상세불명의 사타구니탈장","104","140","244"
"K4091","재발성, 폐색 또는 괴저가 없는 한쪽 또는 상세불명의 사타구니탈장","6","7","13"
"K419","폐색 또는 괴저가 없는 한쪽 또는 상세불명의 대퇴탈장","1","1","2"
"K429","폐색 또는 괴저가 없는 배꼽탈장","3","2","5"
"K432","폐색 또는 괴저가 없는 절개탈장","14","10","24"
"K439","폐색 또는 괴저가 없는 기타 및 상세불명의 복벽탈장","0","3","3"
"K449","폐색 또는 괴저가 없는 횡격막탈장","9","5","14"
"K458","폐색 또는 괴저가 없는 기타 명시된 복벽탈장","3","1","4"
"K5019","대장의 크론병, 상세불명","0","1","1"
"K5099","상세불명의 크론병, 상세불명","1","0","1"
"K512","궤양성 (만성) 직장염","3","2","5"
"K513","궤양성 (만성) 직장구불결장염","1","1","2"
"K514","염증성 폴립","1","4","5"
"K515","좌측 결장염","2","0","2"
"K518","기타 궤양성 대장염","0","2","2"
"K519","상세불명의 궤양성 대장염","2","1","3"
"K521","독성 위장염 및 결장염","6","4","10"
"K528","기타 명시된 비감염성 위장염 및 결장염","1","1","2"
"K529","상세불명의 비감염성 위장염 및 결장염","14","17","31"
"K550","장의 급성 혈관장애","15","15","30"
"K551","장의 만성 혈관장애","5","2","7"
"K5520","출혈을 동반하지 않은 결장의 혈관형성이상","2","0","2"
"K559","장의 상세불명의 혈관장애","4","3","7"
"K560","마비성 장폐색증","9","10","19"
"K561","중첩","0","1","1"
"K562","장염전","2","2","4"
"K564","장의 기타 감입","1","1","2"
"K565","폐색을 동반한 장유착[띠]","2","5","7"
"K566","기타 및 상세불명의 장폐색","13","12","25"
"K567","상세불명의 장폐색증","35","23","58"
"K5700","출혈을 동반하지 않은 천공 및 농양이 있는 소장의 게실병, 게실증","1","0","1"
"K5702","출혈을 동반하지 않은 천공 및 농양이 있는 소장의 게실병, 게실염","0","1","1"
"K5710","출혈을 동반하지 않은 천공 또는 농양이 없는 소장의 게실병, 게실증","5","1","6"
"K5713","출혈을 동반한  천공 또는 농양이 없는 소장의 게실병, 게실염","1","0","1"
"K5720","출혈을 동반하지 않은 천공 및 농양이 있는 대장의 게실병, 게실증","0","1","1"
"K5721","출혈을 동반한 천공 및 농양이 있는 대장의 게실병, 게실증","0","1","1"
"K5722","출혈을 동반하지 않은 천공 및 농양이 있는 대장의 게실병, 게실염","3","1","4"
"K5723","출혈을 동반한 천공 및 농양이 있는 대장의 게실병, 게실염","1","0","1"
"K5730","출혈을 동반하지 않은 천공 또는 농양이 없는 대장의 게실병, 게실증","5","6","11"
"K5731","출혈을 동반한 천공 또는 농양이 없는 대장의 게실병, 게실증","2","3","5"
"K5732","출혈을 동반하지 않은 천공 또는 농양이 없는 대장의 게실병, 게실염","5","9","14"
"K5733","출혈을 동반한 천공 또는 농양이 없는 대장의 게실병, 게실염","0","1","1"
"K5752","출혈을 동반하지 않은 천공 또는 농양이 없는 소장과 대장 모두의 게실병, 게실염","0","1","1"
"K5790","출혈을 동반하지 않은 천공 또는 농양이 없는 상세불명 부분의 장의 게실병, 게실증","0","3","3"
"K5792","출혈을 동반하지 않은 천공 또는 농양이 없는 상세불명 부분의 장의 게실병, 게실염","1","0","1"
"K580","설사를 동반한 과민대장증후군","3","3","6"
"K589","설사를 동반하지 않은 과민대장증후군","1","0","1"
"K5901","출구기능장애변비","1","0","1"
"K5909","기타 및 상세불명 변비","31","40","71"
"K591","기능성 설사","1","0","1"
"K593","달리 분류되지 않은 거대결장","2","0","2"
"K599","상세불명의 기능성 장장애","8","3","11"
"K601","만성 항문열창","1","0","1"
"K603","항문루","6","4","10"
"K605","항문직장루","6","2","8"
"K610","항문농양","8","5","13"
"K611","직장농양","4","1","5"
"K620","항문폴립","0","1","1"
"K621","직장폴립","9","14","23"
"K623","직장탈출","1","5","6"
"K624","항문 및 직장의 협착","0","1","1"
"K625","항문 및 직장의 출혈","1","0","1"
"K626","항문 및 직장의 궤양","6","7","13"
"K627","방사선직장염","2","1","3"
"K628","항문 및 직장의 기타 명시된 질환","4","1","5"
"K630","장의 농양","2","2","4"
"K631","장의 천공(비외상성)","6","4","10"
"K6320","장-피부루","2","1","3"
"K633","장의 궤양","11","11","22"
"K6358","결장의 기타 폴립","17","33","50"
"K6359","결장의 상세불명 폴립","32","20","52"
"K638","장의 기타 명시된 질환","0","2","2"
"K640","1도 치핵","2","1","3"
"K641","2도 치핵","3","5","8"
"K642","3도 치핵","30","40","70"
"K644","잔류치핵성 쥐젖","0","2","2"
"K648","기타 명시된 치핵","16","27","43"
"K649","상세불명의 치핵","12","14","26"
"K650","급성 복막염","10","4","14"
"K658","기타 복막염","13","10","23"
"K659","상세불명의 복막염","3","6","9"
"K660","복막유착","2","2","4"
"K661","혈복강","2","0","2"
"K668","복막의 기타 명시된 장애","2","1","3"
"K673","결핵성 복막염(A1830†)","1","1","2"
"K700","알콜성 지방간","2","5","7"
"K7010","복수를 동반하지 않은 알코올성 간염","3","6","9"
"K7011","복수를 동반한 알코올성 간염","0","1","1"
"K702","알콜성 간섬유증 및 간의 경화증","0","1","1"
"K7030","복수를 동반하지 않은 알콜성 간경변증","44","23","67"
"K7031","복수를 동반한 알콜성 간경변증","22","16","38"
"K7042","혼수를 동반하지 않은 알콜성 간부전","2","2","4"
"K7043","혼수를 동반한 알콜성 간부전","0","1","1"
"K709","상세불명의 알콜성 간질환","3","0","3"
"K712","급성 간염을 동반한 독성간질환","2","0","2"
"K7151","복수를 동반한 만성 활동성 간염을 동반한 독성 간질환","1","0","1"
"K716","달리 분류되지 않은 간염을 동반한 독성간질환","6","5","11"
"K717","간의 섬유증 및 경변증을 동반한 독성간질환","0","1","1"
"K719","상세불명의 독성간질환","2","2","4"
"K7200","혼수를 동반하지 않은 급성 및 아급성 간부전","2","2","4"
"K7201","혼수를 동반한 급성 및 아급성 간부전","2","0","2"
"K7211","혼수를 동반한 만성 간부전","1","0","1"
"K7290","혼수를 동반하지 않은 상세불명의 간부전","32","24","56"
"K7291","혼수를 동반한 상세불명의 간부전","6","3","9"
"K738","달리 분류되지 않은 기타 만성 간염","2","0","2"
"K739","상세불명의 만성 간염","11","4","15"
"K7400","간섬유증, 차일드-퍼 A","0","1","1"
"K7409","간섬유증,상세불명","4","1","5"
"K7410","간경화증, 차일드-퍼 A","3","0","3"
"K7411","간경화증, 차일드-퍼 B","0","1","1"
"K7412","간경화증, 차일드-퍼 C","2","0","2"
"K7419","간경화증,상세불명","14","7","21"
"K7420","간경화증을 동반한 간섬유증, 차일드-퍼 A","3","0","3"
"K7429","간경화증을 동반한 간섬유증,상세불명","1","0","1"
"K7432","원발성 담즙성 경변증, 차일드-퍼 C","0","1","1"
"K7439","원발성 담즙성 경변증,상세불명","0","2","2"
"K746","간의 기타 및 상세불명의 경변증","1","1","2"
"K7460","간의 기타 및 상세불명의 경변증, 차일드-퍼 A","38","23","61"
"K7461","간의 기타 및 상세불명의 경변증, 차일드-퍼 B","4","6","10"
"K7462","간의 기타 및 상세불명의 경변증, 차일드-퍼 C","2","4","6"
"K7469","간의 기타 및 상세불명의 경변증,상세불명","89","57","146"
"K750","간의 농양","23","23","46"
"K751","문맥의 정맥염","2","0","2"
"K754","자가면역성 간염","0","1","1"
"K758","기타 명시된 염증성 간질환","7","5","12"
"K759","상세불명의 염증성 간질환","7","5","12"
"K760","달리 분류되지 않은 지방(변화성)간","41","24","65"
"K761","간의 만성 수동울혈","15","9","24"
"K766","문맥고혈압","7","2","9"
"K767","간신증후군","3","4","7"
"K768","기타 명시된 간질환","11","15","26"
"K769","상세불명의 간질환","8","4","12"
"K770","달리 분류된 감염성 및 기생충성 질환에서의 간장애","0","1","1"
"K8000","폐색의 언급이 없는 급성 담낭염을 동반한 담낭의 결석","33","43","76"
"K8001","폐색을 동반한 급성 담낭염을 동반한 담낭의 결석","0","1","1"
"K8010","폐색의 언급이 없는 기타 담낭염을 동반한 담낭의 결석","79","93","172"
"K8011","폐색을 동반한 기타 담낭염을 동반한 담낭의 결석","1","0","1"
"K802","담낭염이 없는 담낭의 결석","1","0","1"
"K8020","폐색의 언급이 없는 담낭염이 없는 담낭의 결석","29","18","47"
"K803","담관염을 동반한 담관결석","1","0","1"
"K8030","폐색의 언급이 없는 담관염을 동반한 담관 결석","25","13","38"
"K8031","폐색을 동반한 담관염을 동반한 담관 결석","2","4","6"
"K8040","폐색의 언급이 없는 담낭염을 동반한 담관결석","19","17","36"
"K8041","폐색을 동반한 담낭염을 동반한 담관결석","1","0","1"
"K8050","폐색의 언급이 없는 담관염 또는 담낭염이 없는 담관결석","36","28","64"
"K8051","폐색을 동반한 담관염 또는 담낭염이 없는 담관결석","2","2","4"
"K8080","폐색의 언급이 없는 기타 담석증","1","1","2"
"K810","급성 담낭염","19","27","46"
"K811","만성 담낭염","27","29","56"
"K819","상세불명의 담낭염","6","5","11"
"K822","담낭의 천공","3","8","11"
"K824","담낭의 콜레스테롤증","11","18","29"
"K828","담낭의 기타 명시된 질환","19","37","56"
"K830","담관염","29","28","57"
"K831","담관의 폐색","14","4","18"
"K833","담관의 누공","3","0","3"
"K838","담도의 기타 명시된 질환","9","10","19"
"K839","담도의 상세불명의 질환","1","2","3"
"K850","특발성 급성 췌장염","0","1","1"
"K851","담도 급성 췌장염","4","1","5"
"K852","알콜유발 급성 췌장염","1","2","3"
"K858","기타 급성 췌장염","2","0","2"
"K859","상세불명의 급성 췌장염","18","9","27"
"K860","알콜유발 만성 췌장염","2","1","3"
"K861","기타 만성 췌장염","5","7","12"
"K862","췌장의 낭","1","1","2"
"K863","췌장의 가성낭","1","1","2"
"K868","췌장의 기타 명시된 질환","2","3","5"
"K904","달리 분류되지 않은 불내성에 의한 흡수장애","2","0","2"
"K911","위수술후증후군","1","3","4"
"K912","달리 분류되지 않은 수술후 흡수장애","4","2","6"
"K913","수술후 장폐색","40","25","65"
"K914","결장조루 및 장조루 기능부전","1","3","4"
"K915","담낭절제후 증후군","3","1","4"
"K918","달리 분류되지 않은 소화계통의 기타 처치후 장애","40","26","66"
"K920","토혈","3","2","5"
"K921","흑색변","20","19","39"
"K922","상세불명의 위장출혈","50","29","79"
"K928","소화계통의 기타 명시된 질환","1","0","1"
"K930","장, 복막 및 장간막림프절의 결핵성 장애(A183-*)","1","0","1"
"L0109","상세불명의 농가진","2","0","2"
"L0200","얼굴의 피부농양","3","1","4"
"L0201","얼굴의 종기","1","0","1"
"L0210","목의 피부농양","1","0","1"
"L0220","몸통의 피부농양","3","1","4"
"L0221","몸통의 종기","2","0","2"
"L0222","몸통의 큰종기","0","1","1"
"L0230","둔부의 피부농양","4","2","6"
"L0231","둔부의 종기","1","1","2"
"L0232","둔부의 큰종기","1","0","1"
"L0240","사지의 피부농양","5","2","7"
"L0241","사지의 종기","1","0","1"
"L0280","기타 부위의 피부농양","4","3","7"
"L0281","기타 부위의 종기","3","4","7"
"L0290","상세불명의 피부농양","4","0","4"
"L0300","손가락의 연조직염","3","2","5"
"L0301","발가락의 연조직염","5","1","6"
"L0310","팔의 연조직염","9","5","14"
"L0311","다리의 연조직염","63","22","85"
"L032","얼굴의 연조직염","3","0","3"
"L0330","흉벽의 연조직염","1","0","1"
"L0331","복벽의 연조직염","1","0","1"
"L0332","배꼽의 연조직염","0","1","1"
"L0335","둔부의 연조직염","2","0","2"
"L038","기타 부위의 연조직염","1","1","2"
"L039","상세불명의 연조직염","6","2","8"
"L049","상세불명의 급성 림프절염","0","1","1"
"L0888","피부 및 피하조직의 기타 명시된 국소감염","1","0","1"
"L089","피부 및 피하조직의 상세불명의 국소감염","5","3","8"
"L109","상세불명의 천포창","0","1","1"
"L120","수포성 유사천포창","6","2","8"
"L138","기타 명시된 수포성 장애","0","2","2"
"L139","상세불명의 수포성 장애","2","1","3"
"L2081","굴측습진","2","2","4"
"L2083","내인성 습진","1","1","2"
"L209","상세불명의 아토피성 피부염","0","1","1"
"L210","두피지루","5","3","8"
"L218","기타 지루피부염","0","1","1"
"L219","상세불명의 지루피부염","24","16","40"
"L22","기저귀[냅킨]피부염","1","4","5"
"L231","접착제에 의한 앨러지성 접촉피부염","2","0","2"
"L238","기타 요인에 의한 앨러지성 접촉피부염","1","1","2"
"L239","상세불명 원인의 앨러지성 접촉피부염","10","7","17"
"L240","세제에 의한 자극물접촉피부염","0","1","1"
"L245","기타 화학물질에 의한 자극물접촉피부염","1","0","1"
"L248","기타 요인에 의한 자극물접촉피부염","3","2","5"
"L249","상세불명 원인의 자극물접촉피부염","10","9","19"
"L259","상세불명 원인의 상세불명의 접촉피부염","6","2","8"
"L270","약물 및 약제에 의한 전신피부발진","17","14","31"
"L271","약물 및 약제에 의한 국소피부발진","0","2","2"
"L280","만성 단순태선","10","2","12"
"L281","결절성 가려움발진","5","0","5"
"L282","기타 가려움발진","7","4","11"
"L298","기타 가려움","12","9","21"
"L299","상세불명의 가려움","28","16","44"
"L300","동전모양피부염","1","1","2"
"L301","발한이상[한포(汗疱)]","1","0","1"
"L304","홍반간찰진","1","0","1"
"L308","기타 명시된 피부염","2","0","2"
"L309","상세불명의 피부염","29","11","40"
"L400","보통건선","1","0","1"
"L4008","기타 및 상세불명의 보통건선","4","0","4"
"L409","상세불명의 건선","9","1","10"
"L42","장미색잔비늘증(비강진)","0","1","1"
"L5080","만성 두드러기","6","1","7"
"L5088","기타 두드러기","1","3","4"
"L509","상세불명의 두드러기","3","7","10"
"L511","수포성 다형홍반","1","1","2"
"L519","상세불명의 다형홍반","1","2","3"
"L52","결절홍반","1","0","1"
"L538","기타 명시된 홍반성 병태","1","0","1"
"L539","상세불명의 홍반성 병태","1","0","1"
"L561","약물광앨러지반응","1","0","1"
"L570","광선각화증","9","2","11"
"L589","상세불명의 방사선피부염","2","0","2"
"L598","기타 명시된 방사선에 관련된 피부 및 피하조직의 장애","1","1","2"
"L600","내향성 손발톱","9","8","17"
"L602","손발톱만곡증","3","1","4"
"L609","상세불명의 손발톱장애","0","1","1"
"L639","상세불명의 원형 탈모증","1","0","1"
"L710","입주위피부염","0","1","1"
"L719","상세불명의 주사","1","0","1"
"L720","표피낭","32","22","54"
"L732","화농성 한선염","1","0","1"
"L739","상세불명의 모낭장애","2","0","2"
"L743","상세불명의 땀띠","1","2","3"
"L80","백반증","0","1","1"
"L810","염증후과다색소침착","1","0","1"
"L814","기타 멜라닌과다색소침착","1","0","1"
"L817","색소성 자반피부병","0","2","2"
"L818","색소침착의 기타 명시된 장애","0","1","1"
"L82","지루각화증","10","7","17"
"L83","흑색극세포증","1","2","3"
"L84","티눈 및 굳은살","3","3","6"
"L851","후천성 손발바닥각화증[각피증]","0","1","1"
"L853","피부건조증","52","26","78"
"L859","상세불명의 표피의 비후","2","0","2"
"L86","달리 분류된 질환에서의 각피증","2","0","2"
"L890","욕창궤양 및 압박부위 제1단계","9","15","24"
"L891","욕창궤양 및 압박부위 제2단계","43","35","78"
"L892","욕창궤양 및 압박부위 제3단계","168","90","258"
"L893","욕창궤양 및 압박부위 제4단계","22","17","39"
"L899","상세불명의 욕창궤양 및 압박부위","34","18","52"
"L905","피부의 흉터 병태 및 섬유증","1","0","1"
"L910","비대성 흉터","0","3","3"
"L918","피부의 기타 비대성 장애","1","0","1"
"L923","피부 및 피하조직의 이물육아종","0","1","1"
"L929","피부 및 피하조직의 상세불명의 육아종성 장애","2","0","2"
"L930","원반모양홍반루푸스","1","0","1"
"L940","국소적 피부경화증","1","0","1"
"L942","피부석회증","0","2","2"
"L958","기타 피부에 한정된 혈관염","3","0","3"
"L959","상세불명의 피부에 한정된 혈관염","2","1","3"
"L97","달리 분류되지 않은 다리의 궤양","3","0","3"
"L981","인공피부염","1","0","1"
"L984","달리 분류되지 않은 피부의 만성 궤양","3","2","5"
"L988","피부 및 피하조직의 기타 명시된 장애","3","0","3"
"L989","피부 및 피하조직의 상세불명 장애","0","1","1"
"L990","피부의 아밀로이드증(E85-+)","2","0","2"
"M0007","포도구균성 관절염 및 다발관절염, 발목 및 발","1","0","1"
"M0025","기타 연쇄구균성 관절염 및 다발관절염, 골반 부분 및 대퇴","0","1","1"
"M0091","상세불명의 화농성 관절염, 어깨부분","1","0","1"
"M0092","상세불명의 화농성 관절염, 위팔","3","0","3"
"M0093","상세불명의 화농성 관절염, 아래팔","2","0","2"
"M0095","상세불명의 화농성 관절염, 골반 부분 및 대퇴","2","1","3"
"M0096","상세불명의 화농성 관절염, 아래다리","7","14","21"
"M0097","상세불명의 화농성 관절염, 발목 및 발","2","1","3"
"M0099","상세불명의 화농성 관절염, 상세불명 부분","1","1","2"
"M0527","류마티스혈관염, 발목 및 발","0","1","1"
"M0529","류마티스혈관염, 상세불명 부분","2","1","3"
"M05809","상세불명 기타 혈청검사양성 류마티스관절염, 여러 부위","1","1","2"
"M05840","경도 기타 혈청검사양성 류마티스관절염, 손","1","1","2"
"M05842","중증 기타 혈청검사양성 류마티스관절염, 손","1","0","1"
"M05849","상세불명 기타 혈청검사양성 류마티스관절염, 손","1","0","1"
"M05869","상세불명 기타 혈청검사양성 류마티스관절염, 아래다리","0","1","1"
"M05929","상세불명 상세불명의 혈청검사양성 류마티스관절염, 위팔","0","1","1"
"M05939","상세불명 상세불명의 혈청검사양성 류마티스관절염, 아래팔","0","1","1"
"M05949","상세불명 상세불명의 혈청검사양성 류마티스관절염, 손","1","5","6"
"M05969","상세불명 상세불명의 혈청검사양성 류마티스관절염, 아래다리","0","1","1"
"M05979","상세불명 상세불명의 혈청검사양성 류마티스관절염, 발목 및 발","0","1","1"
"M0607","혈청검사음성 류마티스관절염, 발목 및 발","1","0","1"
"M0608","혈청검사음성 류마티스관절염, 기타 부분","0","1","1"
"M0619","성인발병 스틸병, 상세불명 부분","3","2","5"
"M06879","상세불명 기타 명시된 류마티스관절염, 발목 및 발","1","0","1"
"M06919","상세불명 상세불명의 류마티스관절염, 어깨부분","1","0","1"
"M06939","상세불명 상세불명의 류마티스관절염, 아래팔","1","0","1"
"M06940","경도 상세불명의 류마티스관절염, 손","0","1","1"
"M06949","상세불명 상세불명의 류마티스관절염, 손","2","1","3"
"M06969","상세불명 상세불명의 류마티스관절염, 아래다리","1","0","1"
"M06979","상세불명 상세불명의 류마티스관절염, 발목 및 발","1","1","2"
"M06990","경도 상세불명의 류마티스관절염, 상세불명 부분","0","1","1"
"M06999","상세불명 상세불명의 류마티스관절염, 상세불명 부분","3","2","5"
"M1000","특발성 통풍, 여러 부위","4","0","4"
"M1002","특발성 통풍, 위팔","1","0","1"
"M1006","특발성 통풍, 아래다리","2","1","3"
"M1007","특발성 통풍, 발목 및 발","5","1","6"
"M1009","특발성 통풍, 상세불명 부분","0","1","1"
"M1026","약물-유발 통풍, 아래다리","0","1","1"
"M1040","기타 이차성 통풍, 여러 부위","0","1","1"
"M1047","기타 이차성 통풍, 발목 및 발","1","0","1"
"M1090","상세불명의 통풍, 여러 부위","1","1","2"
"M1093","상세불명의 통풍, 아래팔","1","1","2"
"M1094","상세불명의 통풍, 손","0","1","1"
"M1096","상세불명의 통풍, 아래다리","7","7","14"
"M1097","상세불명의 통풍, 발목 및 발","17","13","30"
"M1098","상세불명의 통풍, 기타 부분","3","1","4"
"M1099","상세불명의 통풍, 상세불명 부분","13","8","21"
"M1126","기타 연골석회증, 아래다리","0","1","1"
"M1226","(착색) 융모결절성 윤활막염, 아래다리","1","0","1"
"M1251","외상성 관절병증, 어깨부분","1","0","1"
"M1256","외상성 관절병증, 아래다리","2","0","2"
"M1259","외상성 관절병증, 상세불명 부분","0","1","1"
"M1317","달리 분류되지 않은 단일관절염, 발목 및 발","1","0","1"
"M1381","기타 명시된 관절염, 어깨부분","0","1","1"
"M1384","기타 명시된 관절염, 손","4","2","6"
"M1385","기타 명시된 관절염, 골반 부분 및 대퇴","0","4","4"
"M1386","기타 명시된 관절염, 아래다리","1","0","1"
"M1387","기타 명시된 관절염, 발목 및 발","5","2","7"
"M1388","기타 명시된 관절염, 기타 부분","1","1","2"
"M1389","기타 명시된 관절염, 상세불명 부분","3","0","3"
"M1390","상세불명의 관절염, 여러 부위","1","1","2"
"M1391","상세불명의 관절염, 어깨부분","1","0","1"
"M1394","상세불명의 관절염, 손","9","0","9"
"M1395","상세불명의 관절염, 골반 부분 및 대퇴","0","1","1"
"M1396","상세불명의 관절염, 아래다리","1","3","4"
"M1397","상세불명의 관절염, 발목 및 발","2","1","3"
"M1399","상세불명의 관절염, 상세불명 부분","5","2","7"
"M150","원발성 전신(골)관절증","7","1","8"
"M152","(관절병증을 동반한) 부샤르결절","1","0","1"
"M153","이차성 다발관절증","1","0","1"
"M154","미란성 (골)관절증","2","0","2"
"M158","기타 다발관절증","3","2","5"
"M159","상세불명의 다발관절증","2","0","2"
"M161","기타 원발성 고관절증","3","6","9"
"M169","상세불명의 고관절증","1","1","2"
"M170","양쪽 원발성 무릎관절증","24","111","135"
"M171","기타 원발성 무릎관절증","152","329","481"
"M173","기타 외상후 무릎관절증","3","1","4"
"M179","상세불명의 무릎관절증","9","7","16"
"M182","제1수근중수관절의 양쪽 외상후 관절증","0","1","1"
"M189","상세불명의 제1수근중수관절의 관절증","0","1","1"
"M1904","기타 관절의 원발성 관절증, 손","0","1","1"
"M1980","기타 명시된 관절증, 여러 부위","2","0","2"
"M1985","기타 명시된 관절증, 골반 부분 및 대퇴","1","0","1"
"M1986","기타 명시된 관절증, 아래다리","1","0","1"
"M1990","상세불명의 관절증, 여러 부위","1","2","3"
"M1991","상세불명의 관절증, 어깨부분","2","5","7"
"M1992","상세불명의 관절증, 위팔","1","2","3"
"M1993","상세불명의 관절증, 아래팔","1","2","3"
"M1994","상세불명의 관절증, 손","10","4","14"
"M1995","상세불명의 관절증, 골반 부분 및 대퇴","1","1","2"
"M1996","상세불명의 관절증, 아래다리","8","5","13"
"M1997","상세불명의 관절증, 발목 및 발","9","10","19"
"M1998","상세불명의 관절증, 기타 부분","3","0","3"
"M1999","상세불명의 관절증, 상세불명 부분","2","3","5"
"M2000","망치손가락","0","1","1"
"M201","외반무지(후천성)","17","26","43"
"M202","강직무지","0","2","2"
"M204","기타 망치발가락(후천성)","0","1","1"
"M2107","달리 분류되지 않은 외반변형, 발목 및 발","3","0","3"
"M2117","달리 분류되지 않은 내반변형, 발목 및 발","8","7","15"
"M2181","사지의 기타 명시된 후천변형, 어깨부분","0","1","1"
"M224","무릎뼈의 연골연화","1","0","1"
"M2321","오래된 찢김 또는 손상으로 인한 반달연골의 장애, 내측반달연골","20","47","67"
"M2329","오래된 찢김 또는 손상으로 인한 반달연골의 장애, 상세불명의 연골 또는 인대","0","1","1"
"M2339","기타 반달연골장애, 상세불명의 연골 또는 인대","1","0","1"
"M2353","무릎의 만성 불안정, 전십자인대","4","0","4"
"M2363","무릎인대의 기타 자연파열, 전십자인대","2","0","2"
"M2381","무릎의 기타 내부장애, 내측반달연골","2","1","3"
"M2382","무릎의 기타 내부장애, 외측반달연골","2","0","2"
"M2391","무릎의 상세불명의 내부장애, 내측반달연골","2","2","4"
"M2394","무릎의 상세불명의 내부장애, 후십자인대","1","0","1"
"M2411","기타 관절연골장애, 어깨부분","1","1","2"
"M2428","인대장애, 기타 부분","0","1","1"
"M2441","관절의 재발성 탈구 및 불완전탈구, 어깨부분","0","1","1"
"M2452","관절의 구축, 위팔","1","0","1"
"M2453","관절의 구축, 아래팔","0","1","1"
"M2457","관절의 구축, 발목 및 발","1","1","2"
"M2461","관절의 강직증, 어깨부분","1","0","1"
"M2536","관절의 기타 불안정, 아래다리","1","0","1"
"M2537","관절의 기타 불안정, 발목 및 발","1","1","2"
"M2546","관절의 삼출액, 아래다리","1","3","4"
"M2551","관절통, 어깨부분","4","2","6"
"M2553","관절통, 아래팔","1","0","1"
"M2556","관절통, 아래다리","5","2","7"
"M2558","관절통, 기타 부분","0","1","1"
"M2559","관절통, 상세불명 부분","6","4","10"
"M2576","골증식체, 아래다리","1","0","1"
"M2585","기타 명시된 관절장애, 골반 부분 및 대퇴","1","0","1"
"M2599","상세불명의 관절장애, 상세불명 부분","0","1","1"
"M311","혈전성 미세혈관병증","0","1","1"
"M313","베게너육아종증","2","0","2"
"M314","대동맥궁증후군[다까야수]","1","0","1"
"M316","기타 거대세포동맥염","2","0","2"
"M317","현미경적 다발혈관염","4","2","6"
"M3521","위장증상을 동반한 베체트병","0","2","2"
"M3529","상세불명의 베체트병","0","1","1"
"M353","류마티스성 다발근통","2","2","4"
"M4026","기타 및 상세불명의 척주후만증, 요추부","1","0","1"
"M4029","기타 및 상세불명의 척주후만증, 상세불명의 부위","0","1","1"
"M4156","기타 이차성 척주측만증, 요추부","0","1","1"
"M4186","기타 형태의 척주측만증, 요추부","0","1","1"
"M4192","상세불명의 척주측만증, 경부","0","1","1"
"M4196","상세불명의 척주측만증, 요추부","0","5","5"
"M4199","상세불명의 척주측만증, 상세불명의 부위","1","0","1"
"M4302","척추분리증, 경부","0","1","1"
"M4305","척추분리증, 흉요추부","0","1","1"
"M4306","척추분리증, 요추부","0","4","4"
"M4309","척추분리증, 상세불명의 부위","0","1","1"
"M4312","척추전방전위증, 경부","0","1","1"
"M4313","척추전방전위증, 경흉추부","1","0","1"
"M4316","척추전방전위증, 요추부","22","43","65"
"M4317","척추전방전위증, 요천부","0","2","2"
"M4319","척추전방전위증, 상세불명의 부위","1","0","1"
"M4326","척추의 기타 유합, 요추부","1","0","1"
"M4329","척추의 기타 유합, 상세불명의 부위","1","0","1"
"M4396","상세불명의 변형성 등병증, 요추부","0","1","1"
"M454","강직척추염, 흉추부","1","0","1"
"M457","강직척추염, 요천부","0","1","1"
"M459","강직척추염, 상세불명의 부위","1","0","1"
"M4617","달리 분류되지 않은 천장골염, 요천부","1","0","1"
"M4627","척추의 골수염, 요천부","1","0","1"
"M4636","추간판의 (화농성) 감염, 요추부","0","1","1"
"M4654","기타 감염성 척추병증, 흉추부","1","1","2"
"M4656","기타 감염성 척추병증, 요추부","9","6","15"
"M4658","기타 감염성 척추병증, 천추 및 천미추부","2","1","3"
"M4686","기타 명시된 염증성 척추병증, 요추부","1","0","1"
"M4712","척수병증을 동반한 기타 척추증, 경부","2","0","2"
"M4716","척수병증을 동반한 기타 척추증, 요추부","0","1","1"
"M4726","신경뿌리병증을 동반한 기타 척추증, 요추부","3","0","3"
"M4782","기타 척추증, 경부","4","0","4"
"M4786","기타 척추증, 요추부","8","4","12"
"M4787","기타 척추증, 요천부","1","0","1"
"M4789","기타 척추증, 상세불명의 부위","3","2","5"
"M4796","상세불명의 척추증, 요추부","3","1","4"
"M4797","상세불명의 척추증, 요천부","0","2","2"
"M4799","상세불명의 척추증, 상세불명의 부위","7","4","11"
"M4800","척추협착, 척추의 여러 부위","4","3","7"
"M4802","척추협착, 경부","68","29","97"
"M4803","척추협착, 경흉추부","1","1","2"
"M4804","척추협착, 흉추부","8","5","13"
"M4805","척추협착, 흉요추부","4","0","4"
"M4806","척추협착, 요추부","396","316","712"
"M4807","척추협착, 요천부","15","14","29"
"M4809","척추협착, 상세불명의 부위","10","4","14"
"M4812","강직성 과다골화증[포레스티어], 경부","1","0","1"
"M4816","강직성 과다골화증[포레스티어], 요추부","1","0","1"
"M4819","강직성 과다골화증[포레스티어], 상세불명의 부위","1","0","1"
"M4850","달리 분류되지 않은 허탈척추, 척추의 여러 부위","1","2","3"
"M4852","달리 분류되지 않은 허탈척추, 경부","1","0","1"
"M4853","달리 분류되지 않은 허탈척추, 경흉추부","1","0","1"
"M4854","달리 분류되지 않은 허탈척추, 흉추부","5","10","15"
"M4855","달리 분류되지 않은 허탈척추, 흉요추부","14","21","35"
"M4856","달리 분류되지 않은 허탈척추, 요추부","34","55","89"
"M4858","달리 분류되지 않은 허탈척추, 천추 및 천미추부","1","0","1"
"M4859","달리 분류되지 않은 허탈척추, 상세불명의 부위","5","4","9"
"M4882","기타 명시된 척추병증, 경부","3","1","4"
"M4904","척추의 결핵(A1800†), 흉추부","0","1","1"
"M4952","달리 분류된 질환에서의 허탈척추, 경부","1","0","1"
"M4953","달리 분류된 질환에서의 허탈척추, 경흉추부","1","0","1"
"M4954","달리 분류된 질환에서의 허탈척추, 흉추부","2","1","3"
"M4955","달리 분류된 질환에서의 허탈척추, 흉요추부","1","0","1"
"M4956","달리 분류된 질환에서의 허탈척추, 요추부","9","2","11"
"M4986","달리 분류된 기타 질환에서의 척추병증, 요추부","0","1","1"
"M500","척수병증을 동반한 경추간판장애(G992*)","10","7","17"
"M501","신경뿌리병증을 동반한 경추간판장애","32","0","32"
"M502","기타 경추간판전위","22","10","32"
"M509","상세불명의 경추간판장애","3","2","5"
"M510","척수병증을 동반한 요추 및 기타 추간판장애(G992*)","3","3","6"
"M511","신경뿌리병증을 동반한 요추 및 기타 추간판장애(G551*)","66","22","88"
"M512","기타 명시된 추간판전위","100","87","187"
"M513","기타 명시된 추간판변성","1","0","1"
"M519","상세불명의 추간판장애","12","1","13"
"M5325","척추불안정, 흉요추부","1","0","1"
"M5326","척추불안정, 요추부","14","14","28"
"M5412","신경뿌리병증, 경부","12","6","18"
"M5415","신경뿌리병증, 흉요추부","0","1","1"
"M5416","신경뿌리병증, 요추부","27","7","34"
"M5417","신경뿌리병증, 요천부","10","3","13"
"M5418","신경뿌리병증, 천추 및 천미추부","1","3","4"
"M5419","신경뿌리병증, 상세불명의 부위","3","0","3"
"M5422","경추통, 경부","3","1","4"
"M5429","경추통, 상세불명의 부위","0","1","1"
"M5450","요통, 척추의 여러 부위","1","0","1"
"M5456","요통, 요추부","12","2","14"
"M5458","요통, 천추 및 천미추부","1","0","1"
"M5459","요통, 상세불명의 부위","8","1","9"
"M6005","감염성 근염, 골반 부분 및 대퇴","1","3","4"
"M6024","달리 분류되지 않은 연조직의 이물육아종, 손","1","1","2"
"M6026","달리 분류되지 않은 연조직의 이물육아종, 아래다리","0","1","1"
"M6085","기타 근염, 골반 부분 및 대퇴","1","0","1"
"M6096","상세불명의 근염, 아래다리","0","1","1"
"M6199","근육의 상세불명의 석회화 및 골화, 상세불명 부분","0","1","1"
"M6215","근육의 기타 파열 (비외상성), 골반 부분 및 대퇴","1","0","1"
"M6218","근육의 기타 파열 (비외상성), 기타 부분","1","0","1"
"M6280","근육의 기타 명시된 장애, 여러 부위","0","1","1"
"M6285","근육의 기타 명시된 장애, 골반 부분 및 대퇴","1","0","1"
"M6288","근육의 기타 명시된 장애, 기타 부분","3","1","4"
"M6289","근육의 기타 명시된 장애, 상세불명 부분","12","10","22"
"M638","달리 분류된 질환에서의 근육의 기타 장애","1","0","1"
"M6534","방아쇠손가락, 손","18","15","33"
"M6584","기타 윤활막염 및 힘줄윤활막염, 손","0","1","1"
"M6594","상세불명의 윤활막염 및 힘줄윤활막염, 손","0","1","1"
"M6596","상세불명의 윤활막염 및 힘줄윤활막염, 아래다리","1","0","1"
"M6599","상세불명의 윤활막염 및 힘줄윤활막염, 상세불명 부분","1","0","1"
"M6742","결절종, 위팔","1","0","1"
"M6743","결절종, 아래팔","0","1","1"
"M6744","결절종, 손","3","5","8"
"M6745","결절종, 골반 부분 및 대퇴","0","1","1"
"M6746","결절종, 아래다리","2","2","4"
"M6747","결절종, 발목 및 발","1","0","1"
"M6795","윤활막 및 힘줄의 상세불명 장애, 골반 부분 및 대퇴","0","1","1"
"M702","주두윤활낭염","2","0","2"
"M704","무릎뼈앞윤활낭염","2","1","3"
"M705","무릎의 기타 윤활낭염","1","0","1"
"M706","대퇴골돌기윤활낭염","0","1","1"
"M707","고관절의 기타 윤활낭염","2","1","3"
"M7119","기타 감염성 윤활낭염, 상세불명 부분","1","0","1"
"M712","오금의 윤활막낭[베이커]","0","5","5"
"M7137","기타 윤활낭낭, 발목 및 발","0","1","1"
"M7138","기타 윤활낭낭, 기타 부분","0","1","1"
"M7156","달리 분류되지 않은 기타 윤활낭염, 아래다리","1","0","1"
"M7157","달리 분류되지 않은 기타 윤활낭염, 발목 및 발","8","3","11"
"M7159","달리 분류되지 않은 기타 윤활낭염, 상세불명 부분","1","1","2"
"M720","손바닥근막성 섬유종증(뒤퓌트랑)","9","12","21"
"M722","발바닥근막성 섬유종증","2","1","3"
"M7266","괴사성 근막염, 아래다리","0","1","1"
"M7267","괴사성 근막염, 발목 및 발","1","1","2"
"M72900","근막염 NOS, 여러 부위","7","1","8"
"M72910","근막염 NOS, 어깨부분","1","0","1"
"M72960","근막염 NOS, 아래다리","1","0","1"
"M72970","근막염 NOS, 발목 및 발","0","1","1"
"M750","어깨의 유착성 관절낭염","12","8","20"
"M751","회전근개증후군","160","176","336"
"M753","어깨의 석회성 힘줄염","5","11","16"
"M754","어깨의 충격증후군","8","7","15"
"M755","어깨의 윤활낭염","2","3","5"
"M758","기타 어깨병변","5","1","6"
"M766","아킬레스힘줄염","1","0","1"
"M7687","발을 제외한 다리의 기타 골부착부병증, 발목 및 발","5","2","7"
"M770","내측상과염","0","2","2"
"M771","외측상과염","2","6","8"
"M7788","달리 분류되지 않은 기타 골부착부병증, 기타 부분","1","0","1"
"M7792","상세불명의 골부착부병증, 위팔","2","0","2"
"M7798","상세불명의 골부착부병증, 기타 부분","1","0","1"
"M7909","상세불명의 류마티스, 상세불명 부분","0","1","1"
"M79100","근근막통증후군, 여러 부위","27","5","32"
"M79108","기타 근통, 여러 부위","1","0","1"
"M79110","근근막통증후군, 어깨부분","4","1","5"
"M79150","근근막통증후군, 골반 부분 및 대퇴","1","0","1"
"M79180","근근막통증후군, 기타 부분","1","0","1"
"M79190","근근막통증후군, 상세불명 부분","3","0","3"
"M79198","기타 근통, 상세불명 부분","1","0","1"
"M7920","상세불명의 신경통 및 신경염, 여러 부위","5","5","10"
"M7932","상세불명의 지방층염, 위팔","1","0","1"
"M7935","상세불명의 지방층염, 골반 부분 및 대퇴","0","1","1"
"M7938","상세불명의 지방층염, 기타 부분","1","0","1"
"M7956","연조직내의 잔류이물, 아래다리","1","0","1"
"M7957","연조직내의 잔류이물, 발목 및 발","1","0","1"
"M7964","사지의 통증, 손","1","0","1"
"M7966","사지의 통증, 아래다리","2","2","4"
"M7967","사지의 통증, 발목 및 발","1","0","1"
"M7970","섬유근통, 여러 부위","1","0","1"
"M8085","병적 골절을 동반한 기타 골다공증, 골반 부분 및 대퇴","0","1","1"
"M8088","병적 골절을 동반한 기타 골다공증, 기타 부분","5","8","13"
"M8089","병적 골절을 동반한 기타 골다공증, 상세불명 부분","1","0","1"
"M8099","병적 골절을 동반한 상세불명의 골다공증, 상세불명 부분","1","0","1"
"M8108","폐경후골다공증, 기타 부분","0","1","1"
"M8109","폐경후골다공증, 상세불명 부분","0","2","2"
"M8126","불용성 골다공증, 아래다리","1","0","1"
"M8150","특발성 골다공증, 여러 부위","1","0","1"
"M8180","기타 골다공증, 여러 부위","5","2","7"
"M8185","기타 골다공증, 골반 부분 및 대퇴","14","25","39"
"M8188","기타 골다공증, 기타 부분","15","22","37"
"M8189","기타 골다공증, 상세불명 부분","7","10","17"
"M8190","상세불명의 골다공증, 여러 부위","2","2","4"
"M8196","상세불명의 골다공증, 아래다리","1","0","1"
"M8198","상세불명의 골다공증, 기타 부분","7","9","16"
"M8199","상세불명의 골다공증, 상세불명 부분","20","46","66"
"M8401","골절의 부정유합, 어깨부분","5","0","5"
"M8405","골절의 부정유합, 골반 부분 및 대퇴","0","1","1"
"M8406","골절의 부정유합, 아래다리","1","0","1"
"M8407","골절의 부정유합, 발목 및 발","5","0","5"
"M8412","골절불유합(가관절증), 위팔","2","0","2"
"M8413","골절불유합(가관절증), 아래팔","1","0","1"
"M8414","골절불유합(가관절증), 손","3","0","3"
"M8415","골절불유합(가관절증), 골반 부분 및 대퇴","0","1","1"
"M8417","골절불유합(가관절증), 발목 및 발","0","1","1"
"M8448","달리 분류되지 않은 병적 골절, 기타 부분","1","0","1"
"M8596","골밀도 및 구조의 상세불명 장애, 아래다리","0","1","1"
"M8599","골밀도 및 구조의 상세불명 장애, 상세불명 부분","1","3","4"
"M8607","급성 혈행성 골수염, 발목 및 발","1","0","1"
"M8617","기타 급성 골수염, 발목 및 발","0","1","1"
"M8618","기타 급성 골수염, 기타 부분","1","0","1"
"M8636","만성 다초점 골수염, 아래다리","1","1","2"
"M8647","배농관을 동반한 만성 골수염, 발목 및 발","1","0","1"
"M8687","기타 골수염, 발목 및 발","1","0","1"
"M8688","기타 골수염, 기타 부분","2","0","2"
"M8689","기타 골수염, 상세불명 부분","1","0","1"
"M8691","상세불명의 골수염, 어깨부분","1","0","1"
"M8695","상세불명의 골수염, 골반 부분 및 대퇴","5","0","5"
"M8696","상세불명의 골수염, 비골","1","0","1"
"M8697","상세불명의 골수염, 발목 및 발","2","0","2"
"M8698","상세불명의 골수염, 기타 부분","0","1","1"
"M8699","상세불명의 골수염, 상세불명 부분","3","0","3"
"M8705","뼈의 특발성 무균괴사, 골반 부분 및 대퇴","1","0","1"
"M8719","약물에 의한 골괴사, 상세불명 부분","1","0","1"
"M8725","이전의 외상에 의한 골괴사, 골반 부분 및 대퇴","1","2","3"
"M8729","이전의 외상에 의한 골괴사, 상세불명 부분","0","1","1"
"M8735","기타 이차성 골괴사, 골반 부분 및 대퇴","0","3","3"
"M8738","기타 이차성 골괴사, 기타 부분","1","0","1"
"M8785","기타 골괴사, 골반 부분 및 대퇴","1","0","1"
"M8795","상세불명의 골괴사, 골반 부분 및 대퇴","16","19","35"
"M8796","상세불명의 골괴사, 아래다리","3","0","3"
"M8799","상세불명의 골괴사, 상세불명 부분","0","1","1"
"M8900","복합부위통증증후군 I형, 여러 부위","3","0","3"
"M8901","복합부위통증증후군 I형, 어깨부분","1","0","1"
"M8903","복합부위통증증후군 I형, 아래팔","1","0","1"
"M8904","복합부위통증증후군 I형, 손","3","0","3"
"M8906","복합부위통증증후군 I형, 아래다리","6","1","7"
"M8907","복합부위통증증후군 I형, 발목 및 발","1","0","1"
"M8908","복합부위통증증후군 I형, 기타 부분","5","0","5"
"M8909","복합부위통증증후군 I형, 상세불명 부분","9","3","12"
"M8919","골단정지, 상세불명 부분","1","0","1"
"M8948","기타 비대성 골관절병증, 기타 부분","0","1","1"
"M8988","뼈의 기타 명시된 장애, 기타 부분","3","0","3"
"M9072","신생물질환에서의 뼈의 골절(C00-D48†), 위팔","2","1","3"
"M9073","신생물질환에서의 뼈의 골절(C00-D48†), 아래팔","1","0","1"
"M9075","신생물질환에서의 뼈의 골절(C00-D48†), 골반 부분 및 대퇴","1","1","2"
"M9076","신생물질환에서의 뼈의 골절(C00-D48†), 아래다리","1","0","1"
"M9078","신생물질환에서의 뼈의 골절(C00-D48†), 기타 부분","2","0","2"
"M9079","신생물질환에서의 뼈의 골절(C00-D48†), 상세불명 부분","2","0","2"
"M927","중족의 연소성 골연골증","1","0","1"
"M938","기타 명시된 골연골병증","2","0","2"
"M9496","연골의 상세불명 장애, 아래다리","1","1","2"
"M961","달리 분류되지 않은 척추후궁절제후증후군","122","38","160"
"M963","척추후궁절제후 척주후만증","0","1","1"
"M966","정형외과적 삽입물, 인공관절 또는 골판의 삽입에 따른 뼈의 골절","3","9","12"
"M968","기타 처치후 근골격장애","0","1","1"
"M9953","신경관의 추간판협착, 요추부위","1","0","1"
"M9973","추간공의 결합조직 및 원반 협착, 요추부위","4","0","4"
"N000","소사구체이상을 동반한 급성 신염증후군","0","1","1"
"N028","기타 재발성 및 지속성 혈뇨","9","2","11"
"N029","상세불명의 재발성 및 지속성 혈뇨","1","0","1"
"N030","소사구체이상을 동반한 만성 신염증후군","1","0","1"
"N032","미만성 막성 사구체신염을 동반한 만성 신염증후군","0","1","1"
"N039","상세불명의 만성 신염증후군","1","0","1"
"N048","기타 신증후군","1","0","1"
"N049","상세불명의 신증후군","2","4","6"
"N050","소사구체이상을 동반한 상세불명의 신염증후군","1","0","1"
"N053","미만성 메산지음 증식성 사구체신염을 동반한 상세불명의 신염증후군","1","0","1"
"N057","미만성 반월형 사구체신염 동반한 상세불명의 신염증후군","0","1","1"
"N058","기타 상세불명의 신염증후군","0","1","1"
"N059","상세불명의 상세불명의 신염증후군","0","2","2"
"N083","당뇨병에서의 사구체장애(4단위 2-에 해당되는 E10-E14†)","552","221","773"
"N085","전신결합조직장애에서의 사구체장애","4","0","4"
"N10","급성 세뇨관-간질신장염","34","44","78"
"N110","비폐색성 역류-연관 만성 신우신염","0","2","2"
"N111","만성 폐색성 신우신염","2","1","3"
"N119","상세불명의 만성 세뇨관-간질신장염","5","4","9"
"N12","급성 또는 만성으로 명시되지 않은 세뇨관-간질신장염","2","1","3"
"N131","달리 분류되지 않은 요관협착을 동반한 수신증","11","4","15"
"N132","신장 및 요관의 결석성 폐색을 동반한 수신증","13","5","18"
"N1330","방광요관접합부 폐색을 동반한 수신증","1","1","2"
"N1331","방광의 결석성 폐색을 동반한 수신증","1","0","1"
"N1338","기타 및 상세불명의 수신증","18","24","42"
"N134","수뇨관(水尿管)","0","1","1"
"N135","수신증을 동반하지 않은 요관의 꼬임 및 협착","3","1","4"
"N136","농신증","3","0","3"
"N138","기타 폐색성 및 역류성 요로병증","1","2","3"
"N139","상세불명의 폐색성 및 역류성 요로병증","1","0","1"
"N140","진통제신장병증","0","2","2"
"N141","기타 약물, 약제 및 생물학적 물질로 인한 신장병증","3","1","4"
"N151","신장 및 신장주위 농양","4","4","8"
"N159","상세불명의 신세뇨관-간질질환","1","0","1"
"N170","세뇨관괴사를 동반한 급성 신부전","0","1","1"
"N178","기타 급성 신부전","13","12","25"
"N179","상세불명의 급성 신부전","221","190","411"
"N181","만성 신장병(1기)","1","0","1"
"N182","만성 신장병(2기)","12","6","18"
"N183","만성 신장병(3기)","84","45","129"
"N184","만성 신장병(4기)","60","44","104"
"N185","만성 신장병(5기)","418","179","597"
"N189","상세불명의 만성 신장병","441","250","691"
"N19","상세불명의 신부전","3","2","5"
"N200","신장의 결석","27","14","41"
"N201","요관의 결석","33","21","54"
"N202","요관결석을 동반한 신장결석","7","8","15"
"N210","방광의 결석","22","18","40"
"N211","요도결석","1","2","3"
"N258","세뇨관기능손상으로 인한 기타 장애","1","1","2"
"N280","신장의 허혈 및 경색증","4","3","7"
"N281","후천성 신장의 낭","38","24","62"
"N2885","낭성 요관염","2","0","2"
"N2888","신장 및 요관의 기타 명시된 장애","7","4","11"
"N289","신장 및 요관의 상세불명 장애","2","5","7"
"N298","달리 분류된 기타 질환에서의 신장 및 요관의 기타 장애","1","0","1"
"N300","급성 방광염","1","1","2"
"N301","간질성 방광염(만성)","0","1","1"
"N302","기타 만성 방광염","16","12","28"
"N304","방사선방광염","3","1","4"
"N308","기타 방광염","3","2","5"
"N309","상세불명의 방광염","3","5","8"
"N310","달리 분류되지 않은 비억제성 신경병성 방광","1","0","1"
"N311","달리 분류되지 않은 반사성 신경병성 방광","0","1","1"
"N312","달리 분류되지 않은 이완성 신경병성 방광","3","1","4"
"N318","방광의 기타 신경근육기능장애","0","4","4"
"N319","방광의 상세불명의 신경근육기능장애","29","10","39"
"N320","방광경부폐색","2","2","4"
"N321","방광장루","1","1","2"
"N328","방광의 기타 명시된 장애","14","7","21"
"N329","방광의 상세불명 장애","1","0","1"
"N330","결핵성 방광염(A1811†)","0","1","1"
"N342","기타 요도염","0","1","1"
"N343","상세불명의 요도증후군","2","2","4"
"N350","외상후 요도협착","1","0","1"
"N359","상세불명의 요도협착","27","16","43"
"N360","요도루","1","0","1"
"N368","요도의 기타 명시된 장애","1","3","4"
"N369","요도의 상세불명 장애","1","0","1"
"N370","달리 분류된 질환에서의 요도염","1","2","3"
"N390","부위가 명시되지 않은 요로감염","258","229","487"
"N391","상세불명의 지속성 단백뇨","0","1","1"
"N393","스트레스요실금","0","24","24"
"N3940","절박요실금","1","0","1"
"N3941","혼합요실금","0","21","21"
"N3948","기타 명시된 요실금","1","0","1"
"N399","비뇨계통의 상세불명 장애","0","1","1"
"N400","합병증을 동반하지 않은 전립선증식증","559","392","951"
"N401","요로 폐색을 동반한 전립선증식증","29","33","62"
"N402","혈뇨를 동반한 전립선증식증","1","7","8"
"N403","요로 폐색 및 혈뇨를 동반한 전립선증식증","3","2","5"
"N408","기타 합병증을 동반한 전립선증식증","1","5","6"
"N410","급성 전립선염","3","3","6"
"N411","만성 전립선염","8","2","10"
"N412","전립선의 농양","1","3","4"
"N419","전립선의 상세불명의 염증성 질환","4","1","5"
"N423","전립선의 이형성","34","39","73"
"N428","전립선의 기타 명시된 장애","1","2","3"
"N430","피낭성 음낭수종","1","2","3"
"N432","기타 음낭수종","1","0","1"
"N433","상세불명의 음낭수종","9","8","17"
"N4500","농양을 동반한 부고환염","0","1","1"
"N4502","농양을 동반한 부고환-고환염","1","0","1"
"N4590","농양을 동반하지 않은 부고환염","7","1","8"
"N4592","농양을 동반하지 않은 부고환-고환염","3","1","4"
"N47","과잉포피, 포경 및 감돈포경","3","1","4"
"N481","귀두포피염","3","0","3"
"N4828","음경의 기타 염증성 장애","0","1","1"
"N4849","상세불명의 남성발기장애","18","7","25"
"N488","음경의 기타 명시된 장애","0","1","1"
"N492","음낭의 염증성 장애","4","2","6"
"N498","기타 명시된 남성생식기관의 염증성 장애","4","0","4"
"N5088","남성생식기관의 기타 명시된 장애","6","3","9"
"N511","달리 분류된 질환에서의 고환 및 부고환의 장애","1","0","1"
"N601","미만성 낭성 유방병증","0","1","1"
"N602","유방의 섬유선증","0","3","3"
"N603","유방의 섬유경화증","0","1","1"
"N604","유선관확장","0","1","1"
"N608","기타 양성 유방형성이상","1","2","3"
"N61","유방의 염증성 장애","0","4","4"
"N62","유방의 비대","1","10","11"
"N63","유방의 상세불명의 덩이","0","4","4"
"N648","유방의 기타 명시된 장애","0","3","3"
"N700","급성 난관염 및 난소염","0","1","1"
"N701","만성 난관염 및 난소염","0","3","3"
"N711","자궁의 만성 염증성 질환","0","1","1"
"N719","상세불명의 자궁의 염증성 질환","0","6","6"
"N72","자궁경부의 염증성 질환","0","36","36"
"N736","여성골반복막유착","0","3","3"
"N739","상세불명의 여성골반염증질환","0","4","4"
"N750","바르톨린선의 낭","0","1","1"
"N760","급성 질염","0","5","5"
"N768","질 및 외음의 기타 명시된 염증","0","1","1"
"N771","달리 분류된 감염성 및 기생충성 질환에서의 질염, 외음염 또는 외음질염","0","1","1"
"N800","자궁의 자궁내막증","0","9","9"
"N801","난소의 자궁내막증","0","2","2"
"N806","피부흉터의 자궁내막증","0","1","1"
"N809","상세불명의 자궁내막증","0","1","1"
"N811","방광류","1","6","7"
"N812","불완전자궁질탈출","0","8","8"
"N813","완전자궁질탈출","0","13","13"
"N816","여성직장류","0","5","5"
"N823","대장으로 열린 질루","0","1","1"
"N830","난소의 난포낭","0","4","4"
"N831","황체낭","0","1","1"
"N832","기타 및 상세불명의 난소낭","0","11","11"
"N835","난소, 난소경 및 난관의 염전","0","1","1"
"N838","난소, 난관 및 넓은인대의 기타 비염증성 장애","0","11","11"
"N840","자궁체부의 폴립","0","46","46"
"N841","자궁경부의 폴립","0","7","7"
"N842","질의 폴립","0","1","1"
"N848","여성생식관의 기타 부분의 폴립","1","0","1"
"N850","자궁내막선증식증","0","25","25"
"N856","자궁내유착","0","5","5"
"N858","자궁의 기타 명시된 비염증성 장애","0","18","18"
"N870","경도 자궁경부이형성","0","4","4"
"N871","중등도 자궁경부이형성","0","4","4"
"N872","달리 분류되지 않은 중증 자궁경부이형성","0","5","5"
"N879","상세불명의 자궁경부의 이형성","0","1","1"
"N882","자궁경부의 협착","0","1","1"
"N906","외음의 비대","0","1","1"
"N926","상세불명의  불규칙월경","0","1","1"
"N938","기타 명시된 이상 자궁 및 질 출혈","0","3","3"
"N939","상세불명의 이상 자궁 및 질 출혈","0","3","3"
"N950","폐경후출혈","0","1","1"
"N951","폐경 및 여성의 갱년기상태","0","1","1"
"N952","폐경후 위축성 질염","0","2","2"
"N990","처치후 신부전","0","1","1"
"N991","처치후 요도협착","2","0","2"
"N993","자궁적출후 질원개의 탈출","0","4","4"
"N994","처치후 골반복막유착","0","1","1"
"N998","비뇨생식계통의 기타 처치후 장애","3","2","5"
"O109","임신, 출산 및 산후기에 합병된 상세불명의 전에 있던 고혈압","1","0","1"
"Q138","전안부의 기타 선천기형","0","1","1"
"Q181","귓바퀴앞 동 및 낭","2","0","2"
"Q2118","기타 심방중격결손","1","0","1"
"Q230","대동맥판의 선천협착","0","1","1"
"Q281","뇌전혈관의 기타 기형","0","1","1"
"Q282","대뇌혈관의 동정맥기형","1","0","1"
"Q283","대뇌혈관의 기타 기형","1","0","1"
"Q402","위의 기타 명시된 선천기형","0","1","1"
"Q430","메켈게실","0","1","1"
"Q451","고리췌장","0","1","1"
"Q453","췌장 또는 췌관의 기타 선천기형","0","1","1"
"Q612","다낭성 신장, 보통염색체우성","5","1","6"
"Q613","상세불명의 다낭성 신장","3","4","7"
"Q658","고관절의 기타 선천변형","1","1","2"
"Q703","막으로 붙은 발가락","1","0","1"
"Q748","사지의 기타 명시된 선천기형","0","1","1"
"Q764","척주측만증과 관련 없는 척추의 기타 선천기형","0","1","1"
"Q828","피부의 기타 명시된 선천기형","1","1","2"
"Q850","신경섬유종증(비악성)","1","0","1"
"Q859","상세불명의 모반증","1","0","1"
"Q872","주로 사지를 침범한 선천기형증후군","0","1","1"
"Q8908","비장의 기타 명시된 선천기형","2","0","2"
"Q8920","갑상설낭","2","0","2"
"R000","상세불명의 빈맥","14","15","29"
"R001","상세불명의 서맥","6","14","20"
"R002","두근거림","2","0","2"
"R02","달리 분류되지 않은 괴저","2","3","5"
"R031","비특이성 낮은 혈압수치","1","0","1"
"R040","코피","11","12","23"
"R042","객혈","7","6","13"
"R048","기타 기도부위의 출혈","2","0","2"
"R05","기침","1","0","1"
"R060","호흡곤란","14","17","31"
"R065","입호흡","1","0","1"
"R066","딸꾹질","6","0","6"
"R068","기타 및 상세불명의 호흡이상","1","2","3"
"R073","기타 흉통","2","1","3"
"R074","상세불명의 흉통","40","24","64"
"R090","질식","1","1","2"
"R1012","명치통증","2","0","2"
"R1019","상세불명의 상복부통증","1","0","1"
"R102","골반 및 회음부 통증","0","1","1"
"R1049","상세불명의 복통","5","7","12"
"R111","구역","3","1","4"
"R112","구토","1","2","3"
"R113","구토를 동반한 구역","1","2","3"
"R13","삼킴곤란","145","104","249"
"R14","고창 및 연관된 병태","1","0","1"
"R15","대변실금","4","2","6"
"R161","달리 분류되지 않은 비장비대","0","1","1"
"R17","상세불명의 황달","4","4","8"
"R18","복수","41","50","91"
"R190","복강내 및 골반의 부기, 종괴 및 덩이","1","2","3"
"R194","배변습관 변화","0","1","1"
"R201","피부의 감각저하","1","1","2"
"R202","피부의 지각이상","2","0","2"
"R203","감각과민","0","1","1"
"R21","발진 및 기타 비특이성 피부발진","1","6","7"
"R220","머리의 국소적 부기, 종괴 및 덩이","2","0","2"
"R221","목의 국소적 부기, 종괴 및 덩이","2","0","2"
"R222","몸통의 국소적 부기, 종괴 및 덩이","1","0","1"
"R223","팔의 국소적 부기, 종괴 및 덩이","1","1","2"
"R224","다리의 국소적 부기, 종괴 및 덩이","1","3","4"
"R229","상세불명의 국소적 부기, 종괴 및 덩이","1","0","1"
"R232","홍조","1","0","1"
"R233","자발반출혈","2","0","2"
"R234","피부조직의 변화","1","2","3"
"R238","기타 및 상세불명의 피부변화","8","3","11"
"R251","상세불명의 떨림","13","5","18"
"R258","기타 및 상세불명의 이상 불수의운동","0","1","1"
"R262","달리 분류되지 않은 걷기장애","26","19","45"
"R268","보행 및 이동의 기타 및 상세불명 이상","94","62","156"
"R270","상세불명의 운동실조","7","3","10"
"R298","신경계통 및 근골격계통의 기타 및 상세불명의 증상 및 징후","1","1","2"
"R300","배뇨통","2","0","2"
"R310","육안적 혈뇨","6","5","11"
"R311","현미경적 혈뇨","0","2","2"
"R318","기타 및 상세불명의 혈뇨","12","18","30"
"R32","상세불명의 요실금","7","7","14"
"R33","소변정체","15","14","29"
"R34","무뇨 및 핍뇨","0","1","1"
"R350","빈번한 배뇨","7","12","19"
"R351","야간다뇨","4","6","10"
"R352","기타 야간뇨","8","9","17"
"R358","기타 및 상세불명의 다뇨","1","0","1"
"R39","비뇨계통의 기타 증상 및 징후","1","0","1"
"R391","기타 배뇨곤란","14","25","39"
"R392","신장외성 요독증","0","1","1"
"R398","비뇨계통의 기타 및 상세불명의 증상 및 징후","7","8","15"
"R401","혼미","1","0","1"
"R410","상세불명의 지남력장애","3","2","5"
"R418","인지기능 및 자각에 관련된 기타 및 상세불명의 증상 및 징후","11","6","17"
"R42","어지럼증 및 어지럼","26","21","47"
"R438","후각 및 미각의 기타 및 상세불명의 장애","1","1","2"
"R440","환청","1","0","1"
"R441","환시","1","0","1"
"R448","일반적 감각 및 지각에 관련된 기타 및 상세불명의 증상 및 징후","1","1","2"
"R470","언어장애 및 실어증(失語症)","26","13","39"
"R471","구음장애 및 무조음증","70","47","117"
"R478","기타 및 상세불명의 언어장애","16","3","19"
"R490","발성장애","2","1","3"
"R502","약물유발 열","2","1","3"
"R509","상세불명의 열","12","10","22"
"R51","두통","24","20","44"
"R520","급성 통증","4","1","5"
"R521","만성 난치성 통증","42","13","55"
"R522","기타 만성 통증","3","0","3"
"R529","상세불명의 통증","8","0","8"
"R53","병감 및 피로","9","10","19"
"R550","혈관미주신경성 실신","0","3","3"
"R558","기타 실신 및 허탈","16","20","36"
"R568","기타 및 상세불명의 경련","37","28","65"
"R570","심장성 쇼크","1","0","1"
"R571","혈량감소성 쇼크","2","2","4"
"R572","패혈성 쇼크","35","41","76"
"R579","상세불명의 쇼크","3","2","5"
"R590","국소림프절비대","4","2","6"
"R591","전신림프절비대","1","0","1"
"R599","상세불명의 림프절비대","0","1","1"
"R600","국소부종","5","6","11"
"R601","전신부종","1","2","3"
"R609","상세불명의 부종","5","3","8"
"R630","식욕부진","1","3","4"
"R634","이상체중감소","3","0","3"
"R638","음식 및 수액 섭취에 관계된 기타 증상 및 징후","1","1","2"
"R64","카켁시아","1","0","1"
"R651","기관의 부전을 동반한 감염성 기원의 전신염증반응증후군","1","0","1"
"R69","미상 및 상세불명의 병인","0","1","1"
"R71","적혈구의 이상","0","1","1"
"R730","이상포도당내성검사","0","2","2"
"R739","상세불명의 고혈당증","3","2","5"
"R7680","잠복결핵","1","2","3"
"R7688","혈청의 기타 명시된 면역학적 이상소견","2","1","3"
"R798","혈액화학의 기타 명시된 이상소견","1","0","1"
"R808","기타 및 상세불명 고립성 단백뇨","4","1","5"
"R876","여성생식기관 검사물의 세포학적 이상소견","0","4","4"
"R877","여성생식기관 검사물의 조직학적 이상소견","0","1","1"
"R896","기타 기관, 계통 및 조직 검사물의 세포학적 이상소견","0","1","1"
"R900","두개내공간점유병변","2","0","2"
"R91","폐의 진단영상검사상 이상소견","12","7","19"
"R930","달리 분류되지 않은 두개골 및 머리의 진단영상검사상 이상소견","1","0","1"
"R931","심장 및 관상동맥순환의 진단영상검사상 이상소견","2","1","3"
"R933","소화관의 기타 부분의 진단영상검사상 이상소견","0","1","1"
"R935","후복막을 포함한 기타 복부의 진단영상검사상 이상소견","1","1","2"
"R937","기타 근골격계통 부위의 진단영상검사상 이상소견","0","1","1"
"R938","기타 명시된 신체구조의 진단영상검사상 이상소견","2","1","3"
"R942","폐기능검사의 이상결과","0","2","2"
"R943","심혈관기능검사의 이상결과","1","1","2"
"R944","신장기능검사의 이상결과","7","2","9"
"R945","간기능검사의 이상결과","7","15","22"
"S0004","두피의 표재성 손상, 타박상","2","1","3"
"S0008","두피의 표재성 손상, 기타 손상","1","0","1"
"S001","눈꺼풀 및 눈주위의 타박상","1","2","3"
"S0028","눈꺼풀 및 눈주위의 기타 표재성 손상, 기타 손상","2","1","3"
"S0084","머리의 기타 부분의 표재성 손상, 타박상","2","0","2"
"S0088","기타 머리부분의 표재성 손상, 기타손상","1","0","1"
"S010","두피의 열린상처","5","4","9"
"S011","눈꺼풀 및 눈주위의 열린상처","1","3","4"
"S0136","내이의 열린상처","1","0","1"
"S0150","입술의 열린상처","1","0","1"
"S018","머리의 기타 부분의 열린상처","7","4","11"
"S0200","두개원개의 골절, 폐쇄성","1","5","6"
"S02180","두개저의 기타 골절, 폐쇄성","4","2","6"
"S0220","비골의 골절, 폐쇄성","1","3","4"
"S0230","안와 바닥의 골절, 폐쇄성","0","2","2"
"S02470","관골궁의 골절, 폐쇄성","2","0","2"
"S02480","광대뼈 및 상악골의 기타 골절, 폐쇄성","2","0","2"
"S02490","광대뼈 및 상악골의 상세불명 골절, 폐쇄성","0","1","1"
"S0255","치근의 파절","2","2","4"
"S0259","치아의 상세불명 파절","3","2","5"
"S02780","두개골 및 안면골을 침범하는 기타 다발골절, 폐쇄성","1","0","1"
"S02840","안와 내벽의 골절, 폐쇄성","2","1","3"
"S0500","각막찰과상","1","1","2"
"S0501","결막의 열상","1","1","2"
"S051","안구 및 안와조직의 타박상","0","2","2"
"S056","이물이 없는 안구의 관통창","1","0","1"
"S058","눈 및 안와의 기타 손상","0","2","2"
"S0600","열린 두개내상처가 없는 진탕","2","1","3"
"S0610","열린 두개내상처가 없는 외상성 뇌부종","1","0","1"
"S0620","열린 두개내상처가 없는 미만성 뇌손상","4","3","7"
"S0640","열린 두개내상처가 없는 경막외출혈","0","2","2"
"S065","외상성 경막하출혈","0","1","1"
"S0650","열린 두개내상처가 없는 외상성 경막하출혈","39","33","72"
"S0651","열린 두개내상처가 있는 외상성 경막하출혈","1","0","1"
"S0660","열린 두개내상처가 없는 외상성 지주막하출혈","12","10","22"
"S0680","열린 두개내상처가 없는 기타 두개내손상","6","11","17"
"S099","머리의 상세불명 손상","1","1","2"
"S1210","제2경추의 골절, 폐쇄성","0","1","1"
"S1220","기타 명시된 경추의 골절, 폐쇄성","0","1","1"
"S1270","경추의 다발성 골절, 폐쇄성","0","1","1"
"S1280","목의 기타 부분의 골절, 폐쇄성","0","1","1"
"S1290","목의 상세불명 부분의 골절, 폐쇄성","1","0","1"
"S134","경추의 염좌 및 긴장","1","3","4"
"S136","목의 기타 및 상세불명 부분의 관절 및 인대의 염좌 및 긴장","1","0","1"
"S141","경부척수의 기타 및 상세불명의 손상","1","1","2"
"S143","상완신경총의 손상","1","0","1"
"S2020","흉곽전벽의 타박상","0","1","1"
"S2021","흉곽후벽의 타박상","0","1","1"
"S22020","T1 및 T2 부위의 골절, 폐쇄성","0","1","1"
"S22040","T5 및 T6 부위의 골절, 폐쇄성","0","4","4"
"S22050","T7 및 T8 부위의 골절, 폐쇄성","1","3","4"
"S22060","T9 및 T10 부위의 골절, 폐쇄성","1","1","2"
"S22070","T11 및 T12 부위의 골절, 폐쇄성","11","22","33"
"S22090","상세불명 부위의 흉추의 골절, 폐쇄성","1","5","6"
"S2210","흉추의 다발성 골절,폐쇄성","0","2","2"
"S2220","흉골의 골절,폐쇄성","2","2","4"
"S22330","제1늑골 이외 단일 늑골의 골절,폐쇄성","1","3","4"
"S22430","두 개의 늑골을 침범한 다발골절, 폐쇄성","2","2","4"
"S22440","세 개의 늑골을 침범한 다발골절, 폐쇄성","3","0","3"
"S22450","네 개 또는 그 이상의 늑골을 침범한 다발골절, 폐쇄성","6","8","14"
"S22490","상세불명 늑골의 다발골절, 폐쇄성","1","2","3"
"S27009","흉강내로의 열린상처가 없는 외상성 기흉, 기타 및 상세불명의 손상","1","0","1"
"S27101","흉강내로의 열린상처가 없는 외상성 혈흉, 타박상","1","0","1"
"S27105","흉강내로의 열린상처가 없는 외상성 혈흉, 외상성 혈종","1","0","1"
"S27109","흉강내로의 열린상처가 없는 외상성 혈흉, 기타 및 상세불명의 손상","1","0","1"
"S27201","흉강내로의 열린상처가 없는 외상성 혈기흉, 타박상","0","1","1"
"S27205","흉강내로의 열린상처가 없는 외상성 혈기흉, 외상성 혈종","1","2","3"
"S27800","흉강내로의 열린상처가 없는 기타 명시된 흉곽내기관의 손상, 폭풍손상","0","1","1"
"S27804","흉강내로의 열린상처가 없는 기타 명시된 흉곽내기관의 손상, 열상","1","0","1"
"S311","복벽의 열린상처","0","1","1"
"S32020","L1 부위의 골절, 폐쇄성","10","13","23"
"S32030","L2 부위의 골절, 폐쇄성","7","13","20"
"S32040","L3 부위의 골절, 폐쇄성","3","7","10"
"S32050","L4 부위의 골절, 폐쇄성","2","4","6"
"S32060","L5 부위의 골절, 폐쇄성","1","1","2"
"S32090","요추의 상세불명 부위의 골절, 폐쇄성","3","13","16"
"S3210","천골(薦骨)의 골절, 폐쇄성","1","3","4"
"S3220","미추의 골절, 폐쇄성","0","2","2"
"S3230","장골의 골절, 폐쇄성","1","1","2"
"S3240","절구의 골절, 폐쇄성","2","1","3"
"S3250","치골의 폐골절, 폐쇄성","2","2","4"
"S3270","요추 및 골반의 다발성 골절, 폐쇄성","1","5","6"
"S32880","기타 골반의 골절, 폐쇄성","0","1","1"
"S32890","골반의 상세불명 부분의 골절, 폐쇄성","0","1","1"
"S3350","요추의 염좌 및 긴장","4","5","9"
"S342","요추 및 천추의 신경근 손상","1","0","1"
"S36004","강내로의 열린상처가 없는 비장의 손상, 열상","0","1","1"
"S36007","강내로의 열린상처가 없는 비장의 손상, 외상성 파열","0","1","1"
"S36100","강내로의 열린상처가 없는 간의 손상","0","2","2"
"S36411","강내로의 열린상처가 있는 공장의 손상","1","0","1"
"S36500","강내로의 열린상처가 없는 결장의 손상, 폭풍손상","1","0","1"
"S36508","강내로의 열린상처가 없는 결장의 손상, 외상성 찢김","1","0","1"
"S36606","강내로의 열린상처가 없는 직장의 손상, 외상성 천자","1","0","1"
"S36800","강내로의 열린상처가 없는 복막의 손상","1","0","1"
"S36907","강내로의 열린상처가 없는 상세불명의 복강내기관의 손상, 외상성 파열","0","1","1"
"S37001","강내로의 열린상처가 없는 신장의 손상, 타박상","1","0","1"
"S37207","강내로의 열린상처가 없는 방광의 손상, 외상성 파열","2","0","2"
"S37209","강내로의 열린상처가 없는 방광의 손상, 기타 및 상세불명의 손상","1","0","1"
"S37301","강내로의 열린상처가 없는 요도의 손상, 타박상","0","1","1"
"S37305","강내로의 열린상처가 없는 요도의 손상, 외상성 혈종","1","0","1"
"S37308","강내로의 열린상처가 없는 요도의 손상, 외상성 찢김","2","3","5"
"S400","어깨 및 위팔의 타박상","2","0","2"
"S42040","쇄골 몸통의 골절, 폐쇄성","4","6","10"
"S42090","쇄골의 상세불명 부분의 골절, 폐쇄성","4","6","10"
"S42120","견갑골의 다발골절, 폐쇄성","0","1","1"
"S42140","견봉돌기의 골절, 폐쇄성","0","1","1"
"S42220","상완골 머리의 골절, 폐쇄성","2","0","2"
"S42230","상완골 외과목의 골절, 폐쇄성","1","1","2"
"S42240","상완골 해부학적 목의 골절, 폐쇄성","2","2","4"
"S42280","상완골 상단의 기타 및 여러부분의 골절, 폐쇄성","1","1","2"
"S42290","상완골 상단의 상세불명 부분의 골절, 폐쇄성","2","5","7"
"S4230","상완골 몸통의 골절,  폐쇄성","4","1","5"
"S42420","상완골의 관절융기위골절, 폐쇄성","2","0","2"
"S42450","상완골 관절융기의 상세불명 골절, 폐쇄성","1","0","1"
"S42460","상완골 원위부의 T-모양 골절, 폐쇄성","2","4","6"
"S4280","어깨 및 위팔의 기타 부분의 골절, 폐쇄성","0","1","1"
"S4300","상완골의 전탈구","2","1","3"
"S4309","어깨의 상세불명 탈구","0","1","1"
"S431","견쇄관절의 탈구","0","4","4"
"S434","어깨관절의 염좌 및 긴장","1","2","3"
"S4600","어깨의 회전근개의 근육 및 힘줄의 손상, 열상","1","0","1"
"S4608","어깨의 회전근개의 근육 및 힘줄의 손상, 기타 및 상세불명의 손상","1","1","2"
"S4638","삼두근의 근육 및 힘줄의 손상, 기타 및 상세불명의 손상","0","1","1"
"S489","어깨 및 위팔의 상세불명 부위의 외상성 절단","0","1","1"
"S500","팔꿈치의 타박상","2","0","2"
"S5080","아래팔의 기타 표재성 손상, 박리, 찰과상","0","1","1"
"S518","아래팔의 기타 부분의 열린상처","0","1","1"
"S519","아래팔의 상세불명 부분의 열린상처","1","0","1"
"S52020","척골 주두돌기의 골절, 폐쇄성","3","3","6"
"S52030","척골 갈고리돌기의 골절, 폐쇄성","1","0","1"
"S52090","척골 상단의 상세불명 부분의 골절, 폐쇄성","1","1","2"
"S52120","요골 머리의 골절, 폐쇄성","1","1","2"
"S52130","요골 목의 골절, 폐쇄성","0","1","1"
"S52190","요골 상단의 상세불명 부분의 골절, 폐쇄성","1","5","6"
"S52290","척골 몸통의 상세불명 부분의 골절, 폐쇄성","0","1","1"
"S5240","척골과 요골 모두의 몸통 골절, 폐쇄성","0","1","1"
"S52520","등쪽 경사를 동반한 요골 하단의 골절, 폐쇄성","2","12","14"
"S52530","바닥쪽 경사를 동반한 요골 하단의 골절, 폐쇄성","0","1","1"
"S52580","요골 하단의 기타 및 다발성 골절, 폐쇄성","1","6","7"
"S52590","요골 하단의 상세불명 골절, 폐쇄성","1","2","3"
"S5260","척골과 요골 모두의 하단의 골절, 폐쇄성","1","4","5"
"S5290","아래팔의 상세불명 부분의 골절, 폐쇄성","0","1","1"
"S5319","팔꿈치의 상세불명 탈구","1","0","1"
"S5348","팔꿈치의 기타 부분의 염좌 및 긴장","1","0","1"
"S602","손목 및 손의 기타 부분의 타박상","1","0","1"
"S617","손목 및 손의 다발성 열린상처","0","1","1"
"S618","손목 및 손의 기타 부분의 열린상처","1","0","1"
"S6200","손 주상골의 골절, 폐쇄성","1","2","3"
"S62230","몸통의 골절, 폐쇄성","1","0","1"
"S62320","바닥의 골절, 폐쇄성","3","1","4"
"S62330","몸통의 골절, 폐쇄성","1","2","3"
"S62390","중수골의 상세불명 부분의 골절, 폐쇄성","0","1","1"
"S62620","근위지골의 골절, 폐쇄성","2","1","3"
"S62640","원위지골의 골절, 폐쇄성","0","1","1"
"S62690","손가락뼈의 상세불명 부분의 골절, 폐쇄성","1","1","2"
"S6311","손의 지골간(관절)의 탈구","1","0","1"
"S644","기타 손가락의 수지신경의 손상","1","0","1"
"S700","엉덩이의 타박상","0","2","2"
"S701","대퇴의 타박상","3","0","3"
"S711","대퇴의 열린상처","1","0","1"
"S72060","대퇴골 경부바닥의 골절, 폐쇄성","1","5","6"
"S72080","기타 대퇴골 경부 부분의 골절, 폐쇄성","23","41","64"
"S72090","대퇴골 경부의 상세불명 부분의 골절, 폐쇄성","5","10","15"
"S72120","대퇴골전자간골절, 폐쇄성","24","72","96"
"S72190","대퇴골전자부의 상세불명 골절, 폐쇄성","1","2","3"
"S7220","전자하골절, 폐쇄성","0","2","2"
"S7230","대퇴골 몸통의 골절, 폐쇄성","1","8","9"
"S72490","대퇴골 하단의 상세불명 부분의 골절, 폐쇄성","3","3","6"
"S7290","대퇴골의 상세불명 부분의 골절, 폐쇄성","2","3","5"
"S7300","고관절의 후탈구","1","0","1"
"S7309","고관절의 상세불명 탈구","0","3","3"
"S781","엉덩이과 무릎 사이 부위의 외상성 절단","1","0","1"
"S800","무릎의 타박상","2","3","5"
"S818","아래다리의 기타 부분의 열린상처","1","4","5"
"S8200","무릎뼈의 골절, 폐쇄성","5","9","14"
"S82120","비골골절(모든 부분)을 동반한 경골상단의 골절, 폐쇄성","2","1","3"
"S82180","경골 상단의 기타 골절, 폐쇄성","1","1","2"
"S82220","비골골절(모든 부분)을 동반한 경골 몸통의 골절, 폐쇄성","0","2","2"
"S82280","경골 몸통의 기타 골절, 폐쇄성","0","1","1"
"S82320","비골 골절(모든 부분)을 동반한 경골 하단의 골절, 폐쇄성","0","1","1"
"S82380","기타 경골 하단의 골절, 폐쇄성","1","1","2"
"S82490","상세불명의 비골 부분의 골절, 폐쇄성","1","2","3"
"S8250","안쪽복사의 골절, 폐쇄성","1","1","2"
"S8260","외측복사의 골절의 골절, 폐쇄성","1","2","3"
"S82820","이복사골절, 발목, 폐쇄성","2","12","14"
"S82830","삼복사골절, 발목, 폐쇄성","8","9","17"
"S82880","아래다리의 기타 부분의 골절, 폐쇄성","0","3","3"
"S82881","아래다리의 기타 부분의 골절, 개방성","0","1","1"
"S8290","아래다리의 상세불명 부분의 골절, 폐쇄성","2","0","2"
"S8320","내측반달연골의 찢김","3","2","5"
"S8350","전십자인대의 염좌 및 긴장","0","1","1"
"S8352","전십자인대의 파열","2","0","2"
"S836","무릎의 기타 및 상세불명 부분의 염좌 및 긴장","4","1","5"
"S837","무릎의 다발성 구조의 손상","2","0","2"
"S8608","아킬레스힘줄의 손상, 기타 및 상세불명의 손상","2","1","3"
"S878","아래다리의 기타 및 상세불명 부분의 으깸손상","0","1","1"
"S881","무릎과 발목 사이 부위의 외상성 절단","2","1","3"
"S9080","발목 및 발의 기타 표재성 손상, 박리, 찰과상","0","1","1"
"S910","발목의 열린상처","1","0","1"
"S911","발톱의 손상이 없는 발가락의 열린상처","0","1","1"
"S9200","종골의 골절, 폐쇄성","1","3","4"
"S9230","중족골의 골절, 폐쇄성","7","6","13"
"S9240","엄지발가락 골절, 폐쇄성","1","2","3"
"S9250","기타 발가락의 골절, 폐쇄성","0","2","2"
"S9290","발의 상세불명 골절, 폐쇄성","0","1","1"
"S9311","지골간(관절)의 탈구","0","1","1"
"S932","발목 및 발 부위의 인대의 파열","0","1","1"
"S9332","족근골중족골(관절)의 탈구","0","1","1"
"S9348","발목의 기타 부분의 염좌 및 긴장","1","0","1"
"S9349","발목의 상세불명 부분의 염좌 및 긴장","0","1","1"
"S9680","발목 및 발 부위의 기타 근육 및 힘줄의 손상, 열상","1","0","1"
"S971","발가락의 으깸손상","1","0","1"
"S999","발목 및 발의 상세불명 손상","1","0","1"
"T009","상세불명의 여러 부위의 표재성 손상","0","2","2"
"T080","상세불명 부위의 척추의 골절, 폐쇄성","4","5","9"
"T093","척수의 상세불명 부위의 손상","5","1","6"
"T140","상세불명의 신체부위의 표재성 손상","3","6","9"
"T141","상세불명의 신체부위의 열린상처","5","3","8"
"T150","각막의 이물","1","0","1"
"T1720","인두의 이물, 위내용물","1","0","1"
"T1721","인두의 이물, 음식물","0","1","1"
"T1739","후두의 이물, 상세불명의 이물","1","0","1"
"T1748","기관의 이물, 기타 이물","4","0","4"
"T1758","기관지의 이물, 기타 이물","2","1","3"
"T1791","기도의 상세불명 부분의 이물, 음식물","2","0","2"
"T1798","기도의 상세불명 부분의 이물, 기타 이물","1","0","1"
"T182","위의 이물","1","0","1"
"T183","소장의 이물","0","1","1"
"T198","비뇨생식관의 기타 및 여러 부분의 이물","1","0","1"
"T212","몸통의 2도 화상","1","0","1"
"T213","몸통의 3도 화상","1","0","1"
"T2420","발목 및 발을 제외한 엉덩이 및 다리의 2도 화상, 대퇴부","1","0","1"
"T2430","발목 및 발을 제외한 엉덩이 및 다리의 3도 화상, 대퇴부","1","0","1"
"T250","발목 및 발의 상세불명 정도의 화상","1","1","2"
"T286","식도의 부식","1","0","1"
"T402","기타 아편유사제에 의한 중독","1","0","1"
"T462","달리 분류되지 않은 기타 항부정맥제에 의한 중독","0","1","1"
"T508","진단제제에 의한 중독","0","1","1"
"T634","기타 절지동물의 독액의 독성효과","1","0","1"
"T68","저체온증","0","1","1"
"T71","질식","1","0","1"
"T782","상세불명의 아나필락시스쇼크","0","1","1"
"T783","혈관신경성 부종","0","1","1"
"T792","외상에 의한 이차적 및 재발성 출혈","1","0","1"
"T793","달리 분류되지 않은 외상후 상처감염","2","0","2"
"T796","외상성 근육허혈","1","0","1"
"T797","외상성 피하기종","0","1","1"
"T801","주입, 수혈 및 치료용 주사에 따른 혈관합병증","4","4","8"
"T802","주입, 수혈 및 치료용 주사에 따른 감염","1","0","1"
"T808","주입, 수혈 및 치료용 주사에 따른 기타 합병증","0","1","1"
"T809","주입, 수혈 및 치료용 주사에 따른 상세불명의 합병증","1","0","1"
"T810","달리 분류되지 않은 처치에 합병된 출혈 및 혈종","33","12","45"
"T811","달리 분류되지 않은 처치중 또는 처치에 의한 쇼크","1","0","1"
"T812","달리 분류되지 않은 처치중의 우발적 천자 또는 열상","8","15","23"
"T813","달리 분류되지 않은 수술상처의 파열","18","24","42"
"T814","달리 분류되지 않은 처치에 따른 감염","24","18","42"
"T8158","처치후 체강 또는 수술상처에 우발적으로 남겨진 이물, 기타 명시된 합병증 동반","3","0","3"
"T817","달리 분류되지 않은 처치후 혈관합병증","2","1","3"
"T8181","처치에 의한 (피하)기종","1","1","2"
"T8188","달리 분류되지 않은 처치의 기타 합병증","4","1","5"
"T820","인공심장판막의 기계적 합병증","2","0","2"
"T821","심장전자장치의 기계적 합병증","1","0","1"
"T823","기타 혈관이식편의 기계적 합병증","1","0","1"
"T824","혈관투석카테터의 기계적 합병증","5","9","14"
"T825","기타 심장 및 혈관 장치 및 삽입기구의 기계적 합병증","15","5","20"
"T827","기타 심장 및 혈관 장치, 삽입물 및 이식편에 의한 감염 및 염증반응","22","13","35"
"T828","심장 및 혈관 인공삽입장치, 삽입물 및 이식편의 기타 명시된 합병증","15","3","18"
"T830","요도(유치)카테터의 기계적 합병증","2","1","3"
"T831","기타 요로장치 및 삽입물의 기계적 합병증","0","5","5"
"T832","비뇨기관의 이식물의 기계적 합병증","1","1","2"
"T834","생식관의 기타 인공삽입장치, 삽입물 및 이식편의 기계적 합병증","2","2","4"
"T835","비뇨기계통의 인공삽입장치, 삽입물 및 이식편에 의한 감염 및 염증성 반응","7","3","10"
"T836","생식관 인공삽입장치, 삽입물 및 이식편에 의한 감염 및 염증성 반응","0","1","1"
"T838","비뇨생식기 인공삽입장치, 삽입물 및 이식편의 기타 합병증","3","3","6"
"T840","내부인공관절의 기계적 합병증","8","12","20"
"T841","사지의 뼈의 내부고정장치의 기계적 합병증","1","4","5"
"T842","기타 뼈의 내부고정장치의 기계적 합병증","4","1","5"
"T844","기타 내부 정형외과적 장치, 삽입물 및 이식편의 기계적 합병증","2","5","7"
"T845","내부인공관절에 의한 감염 및 염증반응","16","21","37"
"T846","내부고정장치[모든 부위]에 의한 감염 및 염증반응","1","2","3"
"T847","기타 내부 정형외과적 인공삽입장치, 삽입물 및 이식편에 의한 감염 및 염증반응","2","1","3"
"T848","내부 정형외과적 인공삽입장치, 삽입물 및 이식편의 기타 합병증","3","1","4"
"T849","내부 정형외과적 인공삽입장치, 삽입물 및 이식편의 상세불명 합병증","0","5","5"
"T852","안구내렌즈(인공수정체)의 기계적 합병증","17","11","28"
"T853","기타 안구 인공장치, 삽입물 및 이식편의 기계적 합병증","7","0","7"
"T855","위장의 인공삽입장치, 삽입물 및 이식편의 기계적 합병증","7","2","9"
"T856","기타 명시된 내부 인공삽입장치, 삽입물 및 이식편의 기계적 합병증","2","0","2"
"T857","기타 내부 인공삽입장치, 삽입물 및 이식편에 의한 감염 및 염증반응","22","21","43"
"T858","달리 분류되지 않은 내부 인공삽입장치, 삽입물 및 이식편의 기타 합병증","4","3","7"
"T859","내부 인공삽입장치, 삽입물 및 이식편의 상세불명 합병증","0","1","1"
"T873","절단잘린끝의 신경종","7","0","7"
"T874","절단잘린끝의 감염","7","0","7"
"T876","절단잘린끝의 기타 및 상세불명의 합병증","2","0","2"
"T887","약물 또는 약제의 상세불명의 유해작용","2","3","5"
"T903","뇌신경손상의 후유증","0","1","1"
"T905","두개내손상의 후유증","12","13","25"
"T911","척추골절의 후유증","9","0","9"
"T912","흉부 및 골반의 기타 골절의 후유증","0","1","1"
"T913","척수손상의 후유증","24","15","39"
"T914","흉곽내기관 손상의 후유증 (파편 포함)","1","0","1"
"T915","복강내 및 골반 기관 손상의 후유증","1","0","1"
"T918","목 및 몸통의 기타 명시된 손상의 후유증","4","0","4"
"T928","팔의 기타 명시된 손상의 후유증","1","0","1"
"T958","기타 명시된 화상, 부식 및 동상의 후유증","1","0","1"
"U821","메티실린 내성","174","116","290"
"U822","광범위 베타락탐계내성","139","103","242"
"U8280","카바페넴계내성","51","33","84"
"U830","반코마이신 내성","100","76","176"
"U837","여러 항생제 내성","47","39","86"
"U8430","다약제내성 결핵","0","4","4"
"U847","여러 항균제 내성","1","0","1"
"U99","재발한 악성 신생물","145","28","173"
"V021","교통사고에서 이륜 또는 삼륜자동차와 충돌로 다친 보행자","0","1","1"
"V031","교통사고에서 승용차, 픽업트럭 또는 밴과 충돌로 다친 보행자","0","2","2"
"V041","교통사고에서 대형화물차 또는 버스와 충돌로 다친 보행자","0","1","1"
"V092","기타 및 상세불명의 자동차에 관여된 교통사고에서 다친 보행자","0","2","2"
"V114","교통사고에서 다른 자전거와 충돌로 다친 자전거 운전자","1","1","2"
"V134","교통사고에서 승용차, 픽업트럭 또는 밴과 충돌로 다친 자전거 운전자","0","1","1"
"V170","비교통사고에서 고정 또는 정지된 물체와의 충돌로 다친 자전거 운전자","1","1","2"
"V180","비교통사고에서 비충돌 운수사고에서 다친 자전거 운전자","4","4","8"
"V184","교통사고에서 비충돌 운수사고에서 다친 자전거 운전자","0","4","4"
"V189","교통사고에서 비충돌 운수사고에서 다친 상세불명의 자전거 탑승자","0","1","1"
"V193","상세불명의 비교통사고에서 다친 [모든] 자전거 탑승자","0","1","1"
"V194","교통사고에서 기타 및 상세불명의 자동차와 충돌로 다친 운전자","0","1","1"
"V196","교통사고에서 기타 및 상세불명의 자동차와 충돌로 다친 상세불명의 자전거 탑승자","0","1","1"
"V230","비교통사고에서 승용차, 픽업트럭 또는 밴과 충돌로 다친 모터사이클 운전자","0","1","1"
"V235","교통사고에서 승용차, 픽업트럭 또는 밴과 충돌로 다친 모터사이클 승객","0","1","1"
"V280","비교통 사고에서 비충돌 운수사고에서 다친 모터사이클 운전자","1","4","5"
"V293","상세불명의 비교통사고에서 다친 [모든] 모터사이클 탑승자","1","0","1"
"V426","교통사고에서 이륜 또는 삼륜자동차와 충돌로 다친 승용차 승객","0","1","1"
"V435","교통사고에서 승용차, 픽업트럭 또는 밴과 충돌로 다친 승용차 운전자","0","1","1"
"V440","비교통사고에서 대형화물차 또는 버스와의 충돌로 다친 승용차 운전자","0","1","1"
"V480","비교통사고에서 비충돌 운수사고에서 다친 승용차 운전자","2","0","2"
"V484","승용차 승하차중 비충돌 운수사고에서 다친 사람","0","1","1"
"V499","상세불명의 교통사고에서 다친 [모든] 승용차 탑승자","1","0","1"
"V545","교통사고에서 대형화물차 또는 버스와의 충돌로 다친 픽업트럭 또는 밴의 운전자","0","1","1"
"V546","교통사고에서 대형화물차 또는 버스와의 충돌로 다친 픽업트럭 또는 밴의 승객","0","1","1"
"V589","교통사고에서 비충돌 운수사고에서 다친 상세불명의 픽업트럭 또는 밴의 탑승자","1","0","1"
"V784","버스 승하차중 비충돌 운수사고에서 다친 사람","0","2","2"
"V807","기타 무동력차량과 충돌로 다친 탑승자","0","1","1"
"V814","열차 또는 철도차량 승하차시 다친 사람","0","1","1"
"V840","교통사고에서 다친 특수농업용 차량 운전자","1","1","2"
"V845","비교통사고에서 다친 특수농업용 차량 운전자","0","1","1"
"V889","비교통성 무동력차가 관여된 기타 명시된 (충돌)(비충돌)운수사고에서 다친 사람","1","0","1"
"V99","상세불명의 운수사고","1","0","1"
"W000","얼음 또는 눈에 의한 동일 면상에서의 낙상, 주택","1","1","2"
"W004","얼음 또는 눈에 의한 동일 면상에서의 낙상, 도로 및 고속도로","1","1","2"
"W010","미끄러짐, 걸림 및 헛디딤에 의한 동일 면상에서의 낙상, 주택","35","61","96"
"W011","미끄러짐, 걸림 및 헛디딤에 의한 동일 면상에서의 낙상, 집단 거주시설","1","2","3"
"W012","미끄러짐, 걸림 및 헛디딤에 의한 동일 면상에서의 낙상, 학교, 기타 시설 및 공공행정 구역","12","7","19"
"W013","미끄러짐, 걸림 및 헛디딤에 의한 동일 면상에서의 낙상, 운동 및 경기장","4","4","8"
"W014","미끄러짐, 걸림 및 헛디딤에 의한 동일 면상에서의 낙상, 도로 및 고속도로","20","29","49"
"W015","미끄러짐, 걸림 및 헛디딤에 의한 동일 면상에서의 낙상, 상업 및 서비스 구역","2","7","9"
"W017","미끄러짐, 걸림 및 헛디딤에 의한 동일 면상에서의 낙상, 농장","0","1","1"
"W018","미끄러짐, 걸림 및 헛디딤에 의한 동일 면상에서의 낙상, 기타 명시된 장소","7","10","17"
"W019","미끄러짐, 걸림 및 헛디딤에 의한 동일 면상에서의 낙상, 상세불명 장소","3","7","10"
"W024","스케이트, 스키, 롤러-스케이트, 또는 스케이트보드에 의한 낙상, 도로 및 고속도로","0","1","1"
"W050","휠체어가 관여된 낙상, 주택","0","3","3"
"W052","휠체어가 관여된 낙상, 학교, 기타 시설 및 공공행정 구역","2","3","5"
"W054","휠체어가 관여된 낙상, 도로 및 고속도로","1","0","1"
"W059","휠체어가 관여된 낙상, 상세불명 장소","3","0","3"
"W060","침대가 관여된 낙상, 주택","10","26","36"
"W061","침대가 관여된 낙상, 집단거주시설","0","1","1"
"W062","침대가 관여된 낙상, 학교, 기타 시설 및 공공행정 구역","12","3","15"
"W070","의자가 관여된 낙상, 주택","7","14","21"
"W072","의자가 관여된 낙상, 학교, 기타 시설 및 공공행정 구역","1","0","1"
"W078","의자가 관여된 낙상, 기타 명시된 장소","1","0","1"
"W079","의자가 관여된 낙상, 상세불명 장소","2","1","3"
"W080","기타 가구가 관여된 낙상, 주택","0","2","2"
"W088","기타 가구가 관여된 낙상, 기타 명시된 장소","0","1","1"
"W100","계단에서의 낙상, 주택","9","13","22"
"W102","계단에서의 낙상, 학교, 기타 시설 및 공공행정 구역","2","2","4"
"W104","계단에서의 낙상, 도로 및 고속도로","1","0","1"
"W105","계단에서의 낙상, 상업 및 서비스 구역","0","3","3"
"W108","계단에서의 낙상, 기타 명시된 장소","1","0","1"
"W109","계단에서의 낙상, 상세불명 장소","10","20","30"
"W110","사다리에서의 낙상, 주택","1","3","4"
"W115","사다리에서의 낙상, 상업 및 서비스 구역","0","1","1"
"W116","사다리에서의 낙상, 산업 및 건설지역","0","1","1"
"W117","사다리에서의 낙상, 농장","1","1","2"
"W119","사다리에서의 낙상, 상세불명 장소","1","2","3"
"W130","빌딩 또는 구조물에서의 낙상, 주택","0","2","2"
"W139","빌딩 또는 구조물에서의 낙상, 상세불명 장소","0","1","1"
"W148","나무에서의 낙상, 기타 명시된 장소","1","0","1"
"W149","나무에서의 낙상, 상세불명 장소","1","0","1"
"W177","기타 한면에서 다른 면으로 넘어짐, 농장","1","0","1"
"W178","기타 한면에서 다른 면으로 넘어짐, 기타 명시된 장소","1","0","1"
"W179","기타 한면에서 다른 면으로 넘어짐, 상세불명 장소","0","1","1"
"W18","동일면상에서의 기타 낙상","1","1","2"
"W180","동일면상에서 기타 넘어짐, 주택","37","74","111"
"W181","동일면상에서 기타 넘어짐, 집단거주시설","0","2","2"
"W182","동일면상에서 기타 넘어짐, 학교, 기타 시설 및 공공행정 구역","8","8","16"
"W183","동일면상에서 기타 넘어짐, 운동 및 경기장","0","1","1"
"W184","동일면상에서 기타 넘어짐, 도로 및 고속도로","3","7","10"
"W187","동일면상에서 기타 넘어짐, 농장","1","1","2"
"W188","동일면상에서 기타 넘어짐, 기타 명시된 장소","1","2","3"
"W189","동일면상에서 기타 넘어짐, 상세불명 장소","6","7","13"
"W190","상세불명의 낙상, 주택","1","4","5"
"W192","상세불명의 낙상, 학교, 기타 시설 및 공공행정 구역","1","1","2"
"W198","상세불명의 낙상, 기타 명시된 장소","0","1","1"
"W199","상세불명의 낙상, 상세불명 장소","9","15","24"
"W200","던져진, 쏘아진 또는 떨어지는 물체에 의한 타격, 주택","2","2","4"
"W219","스포츠장비에 의한 타격, 상세불명 장소","1","0","1"
"W220","다른 물체에 의한 타격, 주택","2","2","4"
"W222","다른 물체에 의한 타격, 학교, 기타 시설 및 공공행정 구역","4","3","7"
"W224","다른 물체에 의한 타격, 도로 및 고속도로","0","1","1"
"W225","다른 물체에 의한 타격, 상업 및 서비스 구역","1","0","1"
"W229","다른 물체에 의한 타격, 상세불명 장소","1","0","1"
"W230","물체 속이나 사이에 붙잡힘, 으깨짐, 뭉개짐 또는 끼임, 주택","1","0","1"
"W232","물체 속이나 사이에 붙잡힘, 으깨짐, 뭉개짐 또는 끼임, 학교, 기타 시설 및 공공행정 구역","1","0","1"
"W236","물체 속이나 사이에 붙잡힘, 으깨짐, 뭉개짐 또는 끼임, 산업 및 건설지역","0","1","1"
"W239","물체 속이나 사이에 붙잡힘, 으깨짐, 뭉개짐 또는 끼임, 상세불명 장소","1","0","1"
"W250","날카로운 유리와 접촉, 주택","1","0","1"
"W2600","나이프, 장도 및 단도와 접촉, 주택","0","1","1"
"W2686","달리 분류되지 않은 기타 날카로운 물체와 접촉, 산업 및 건설지역","1","1","2"
"W2688","달리 분류되지 않은 기타 날카로운 물체와 접촉, 기타 명시된 장소","1","0","1"
"W2689","달리 분류되지 않은 기타 날카로운 물체와 접촉, 상세불명 장소","1","1","2"
"W270","무동력 손공구와 접촉, 주택","0","1","1"
"W287","동력잔디깎기와의 접촉, 농장","1","0","1"
"W299","기타 동력손공구 및 가정용 기계류와의 접촉, 상세불명 장소","0","3","3"
"W307","농업용기계와 접촉, 농장","0","1","1"
"W316","기타 및 상세불명의 기계류와 접촉, 산업 및 건설지역","0","1","1"
"W409","기타 물질의 폭발, 상세불명 장소","0","1","1"
"W440","눈 또는 인체의 개구부를 통하여 들어온 이물, 주택","2","0","2"
"W442","눈 또는 인체의 개구부를 통하여 들어온 이물, 학교, 기타 시설 및 공공행정 구역","0","1","1"
"W446","눈 또는 인체의 개구부를 통하여 들어온 이물, 산업 및 건설지역","1","0","1"
"W449","눈 또는 인체의 개구부를 통하여 들어온 이물, 상세불명 장소","3","1","4"
"W450","피부를 통하여 들어온 이물 또는 물체, 주택","2","0","2"
"W490","기타 및 상세불명의 무생물성 기계적 힘에 노출, 주택","0","1","1"
"W492","기타 및 상세불명의 무생물성 기계적 힘에 노출, 학교, 기타 시설 및 공공행정 구역","0","1","1"
"W499","기타 및 상세불명의 무생물성 기계적 힘에 노출, 상세불명 장소","0","1","1"
"W502","타인에 의해 맞음, 부딪힘, 차임, 비틀림, 물림 또는 찰과 , 학교, 기타 시설 및 공공행정구역","1","0","1"
"W503","타인에 의해 맞음, 부딪힘, 차임, 비틀림, 물림 또는 찰과 , 운동 및 경기장","0","1","1"
"W512","타인과 부딪힘 또는 받힘, 학교, 기타 시설 및 공공행정 구역","1","0","1"
"W529","군중 또는 사람의 쇄도에 의한 으깨짐, 밀림 또는 밟힘, 상세불명 장소","0","1","1"
"W540","개에 물림 또는 부딪힘, 주택","1","0","1"
"W642","기타 및 상세불명의 생물성 기계적 힘에 노출, 학교, 기타 시설 및 공공행정 구역","3","2","5"
"W649","기타 및 상세불명의 생물성 기계적 힘에 노출, 상세불명 장소","1","0","1"
"W792","기도폐색의 원인이 된 음식물의 흡입 및 섭취, 학교, 기타 시설 및 공공행정 구역","2","0","2"
"W802","기도의 폐색의 원인이 된 기타 물건의 흡입 및 섭취, 학교, 기타 시설 및 공공행정 구역","3","0","3"
"W809","기도의 폐색의 원인이 된 기타 물건의 흡입 및 섭취, 상세불명 장소","0","1","1"
"X092","상세불명의 연기, 불 및 불꽃에의 노출, 학교, 기타 시설 및 공공행정 구역","1","0","1"
"X161","뜨거운 난방장치, 방열기 및 파이프와 접촉, 집단거주시설","0","1","1"
"X164","뜨거운 난방장치, 방열기 및 파이프와 접촉, 도로 및 고속도로","1","0","1"
"X185","기타 뜨거운 금속과 접촉, 상업 및 서비스 구역","1","0","1"
"X190","기타 및 상세불명의 열 및 뜨거운 물질과 접촉, 주택","1","0","1"
"X239","장수말벌, 말벌 및 꿀벌과 접촉, 상세불명 장소","1","0","1"
"X490","기타 및 상세불명의 화학물 및 독성물질에 의한 불의의 중독 및 노출, 주택","0","1","1"
"X500","과잉노력 및 격심한 또는 반복적 운동, 주택","5","2","7"
"X501","과잉노력 및 격심한 또는 반복적 운동, 집단거주시설","1","0","1"
"X509","과잉노력 및 격심한 또는 반복적 운동, 상세불명 장소","1","0","1"
"X5900","골절을 초래하는 상세불명의 요인에 노출, 주택","0","1","1"
"X5902","골절을 초래하는 상세불명의 요인에 노출, 학교, 기타 시설 및 공공행정 구역","3","0","3"
"X5909","골절을 초래하는 상세불명의 요인에 노출, 상세불명 장소","2","2","4"
"X599","기타 및 상세불명의 손상을 초래하는 상세불명의 요인에 노출","2","0","2"
"X5999","기타 및 상세불명의 손상을 초래하는 상세불명의 요인에 노출, 상세불명 장소","1","0","1"
"X690","기타 및 상세불명의 화학물 및 독성물질에 의한 자의의 중독 및 노출, 주택","1","0","1"
"X702","목맴, 교액 및 질식에 의한 의도적 자해, 학교, 기타 시설 및 공공행정 구역","1","0","1"
"X802","높은 곳에서 뛰어내림에 의한 의도적 자해, 학교, 기타 시설 및 공공행정 구역","1","0","1"
"Y400","치료용으로 사용시 유해작용을 나타내는 페니실린","0","1","1"
"Y401","치료용으로 사용시 유해작용을 나타내는 세팔로스포린 및 기타 베타락탐 항생제","3","5","8"
"Y407","치료용으로 사용시 유해작용을 나타내는 전신항진균항생제","1","0","1"
"Y408","치료용으로 사용시 유해작용을 나타내는 기타 전신항생제","12","8","20"
"Y409","치료용으로 사용시 유해작용을 나타내는 상세불명의 전신항생제","4","4","8"
"Y411","치료용으로 사용시 유해작용을 나타내는 항마이코박테리아제","0","1","1"
"Y415","치료용으로 사용시 유해작용을 나타내는 항바이러스제","1","0","1"
"Y418","치료용으로 사용시 유해작용을 나타내는 기타 명시된 전신 항감염제 및 항기생충제","0","2","2"
"Y423","치료용으로 사용시 유해작용을 나타내는 인슐린 및 경구저혈당[항당뇨병]제","1","0","1"
"Y425","치료용으로 사용시 유해작용을 나타내는 기타 에스트로젠 및 프로제스토겐","0","1","1"
"Y427","치료용으로 사용시 유해작용을 나타내는 안드로젠 및 합성대사 유사물","2","0","2"
"Y430","치료용으로 사용시 유해작용을 나타내는 항앨러지제 및 항구토제","0","1","1"
"Y431","치료용으로 사용시 유해작용을 나타내는 항신생물성 대사억제제","0","1","1"
"Y433","치료용으로 사용시 유해작용을 나타내는 기타 항암제","53","15","68"
"Y442","치료용으로 사용시 유해작용을 나타내는 항응고제","6","4","10"
"Y444","치료용으로 사용시 유해작용을 나타내는 항혈전제[혈소판응집억제제]","1","1","2"
"Y450","치료용으로 사용시 유해작용을 나타내는 아편 및 관련 진통제","4","0","4"
"Y451","치료용으로 사용시 유해작용을 나타내는 살리실산염","1","0","1"
"Y453","치료용으로 사용시 유해작용을 나타내는 기타 비스테로이드항염증제","0","2","2"
"Y459","치료용으로 사용시 유해작용을 나타내는 상세불명의 진통제, 해열제 및 항염증제","1","0","1"
"Y462","치료용으로 사용시 유해작용을 나타내는 하이단토인유도체","1","0","1"
"Y471","치료용으로 사용시 유해작용을 나타내는 벤조디아제핀","1","0","1"
"Y478","치료용으로 사용시 유해작용을 나타내는 기타 진정제, 수면제 및 항불안제","1","1","2"
"Y482","치료용으로 사용시 유해작용을 나타내는 기타 및 상세불명의 전신마취제","1","0","1"
"Y494","치료용으로 사용시 유해작용을 나타내는 부티로페논 및 타이오산틴 신경이완제","1","0","1"
"Y498","치료용으로 사용시 유해작용을 나타내는 달리 분류되지 않은 기타 정신작용제","2","0","2"
"Y517","치료용으로 사용시 유해작용을 나타내는 달리 분류되지 않은 베타-아드레날린수용체 길항제","2","1","3"
"Y522","치료용으로 사용시 유해작용을 나타내는 달리 분류되지 않은 기타 항부정맥제","1","3","4"
"Y523","치료용으로 사용시 유해작용을 나타내는 달리 분류되지 않은 관상동맥확장제","1","0","1"
"Y526","치료용으로 사용시 유해작용을 나타내는 항고지질혈증 및 항동맥경화증 약물","2","2","4"
"Y538","치료용으로 사용시 유해작용을 나타내는 주로 위장계통에 영향을 주는 기타 제제","0","1","1"
"Y544","치료용으로 사용시 유해작용을 나타내는 [고리]이뇨제","0","1","1"
"Y546","치료용으로 사용시 유해작용을 나타내는 전해질, 칼로리 및 수분균형 제제","1","0","1"
"Y548","치료용으로 사용시 유해작용을 나타내는 요산대사에 영향을 주는 제제","1","1","2"
"Y555","치료용으로 사용시 유해작용을 나타내는 감기약","0","1","1"
"Y560","치료용으로 사용시 유해작용을 나타내는 달리 분류되지 않은 국소 항진균제, 항감염제 및 항염증제","1","0","1"
"Y575","치료용으로 사용시 유해작용을 나타내는 X-선 대조물질","4","3","7"
"Y576","치료용으로 사용시 유해작용을 나타내는 기타 진단제제","0","1","1"
"Y578","치료용으로 사용시 유해작용을 나타내는 기타 약물 및 약제","0","1","1"
"Y579","치료용으로 사용시 유해작용을 나타내는 상세불명의 약물 또는 약제","0","1","1"
"Y590","치료용으로 사용시 유해작용을 나타내는 바이러스백신","1","0","1"
"Y593","치료용으로 사용시 유해작용을 나타내는 면역글로부린","1","0","1"
"Y600","외과적 수술 도중에 생긴 비의도적 절단, 천자, 천공 또는 출혈","26","29","55"
"Y604","내시경검사 도중에 생긴 비의도적 절단, 천자, 천공 또는 출혈","2","1","3"
"Y608","기타 외과적 및 내과적 치료 도중에 생긴 비의도적 절단, 천자, 천공 또는 출혈","1","4","5"
"Y610","외과적 수술 도중에 체내에 불의로 남겨진 이물","2","0","2"
"Y618","기타 외과적 및 내과적 치료 도중에 체내에 불의로 남겨진 이물","1","0","1"
"Y658","외과적 및 내과적 치료 중 발생한 기타 명시된 재난","1","1","2"
"Y821","유해사건과 관련된 기타 및 상세불명의 의료장치, 치료(비외과적) 및 재활용 장치","1","0","1"
"Y831","처치 당시에는 재난에 대한 언급이 없었으나 환자의 이상반응 또는 이후 합병증의 원인이 된 인공 내부장치 이식의 외과적 수술","71","34","105"
"Y832","처치 당시에는 재난에 대한 언급이 없었으나 환자의 이상반응 또는 이후 합병증의 원인이 된 연결, 우회로 또는 이식의 외과적 수술","28","6","34"
"Y833","처치 당시에는 재난에 대한 언급이 없었으나 환자의 이상반응 또는 이후 합병증의 원인이 된 외부스토마 형성의 외과적 수술","11","5","16"
"Y835","처치 당시에는 재난에 대한 언급이 없었으나 환자의 이상반응 또는 이후 합병증의 원인이 된 사지의 절단","3","0","3"
"Y836","처치 당시에는 재난에 대한 언급이 없었으나 환자의 이상반응 또는 이후 합병증의 원인이 된 기타 기관의 (부분)(전체)절제","89","72","161"
"Y838","처치 당시에는 재난에 대한 언급이 없었으나 환자의 이상반응 또는 이후 합병증의 원인이 된 기타 외과적 처치","27","17","44"
"Y840","처치 당시에는 재난에 대한 언급이 없었으나 환자의 이상반응 또는 이후 합병증의 원인이 된 심장카테터삽입","0","1","1"
"Y841","처치 당시에는 재난에 대한 언급이 없었으나 환자의 이상반응 또는 이후 합병증의 원인이 된 신장투석","20","16","36"
"Y842","처치 당시에는 재난에 대한 언급이 없었으나 환자의 이상반응 또는 이후 합병증의 원인이 된 방사선과적 처치 및 방사선요법","9","2","11"
"Y844","처치 당시에는 재난에 대한 언급이 없었으나 환자의 이상반응 또는 이후 합병증의 원인이 된 수액의 흡인","0","1","1"
"Y846","처치 당시에는 재난에 대한 언급이 없었으나 환자의 이상반응 또는 이후 합병증의 원인이 된 요로카테터삽입","10","7","17"
"Y848","처치 당시에는 재난에 대한 언급이 없었으나 환자의 이상반응 또는 이후 합병증의 원인이 된 기타 의학적 처치","42","30","72"
"Y850","자동차사고의 후유증","8","5","13"
"Y859","기타 및 상세불명의 운수사고의 후유증","1","0","1"
"Y86","기타 사고의 후유증","23","12","35"
"Y870","의도적 자해의 후유증","1","0","1"
"Y881","외과적 및 내과적 치료 중인 환자에 대한 재난의 후유증","1","0","1"
"Y891","전쟁행위의 후유증","5","1","6"
"Y899","상세불명의 외인의 후유증","0","1","1"
"Y95","병원과 관련된 상태","20","24","44"
"Z000","일반적 의학검사","0","1","1"
"Z027","진단서의 발급","14","10","24"
"Z030","의심되는 결핵의 관찰","2","2","4"
"Z031","의심되는 악성 신생물에 대한 관찰","32","46","78"
"Z032","의심되는 정신 및 행동 장애에 대한 관찰","0","1","1"
"Z033","의심되는 신경계통장애의 관찰","2","0","2"
"Z035","기타 의심되는 심혈관질환의 관찰","0","2","2"
"Z038","기타 의심되는 질환 및 병태의 관찰","1","1","2"
"Z039","상세불명의 의심되는 질병 또는 병태의 관찰","1","0","1"
"Z048","기타 명시된 이유의 검사 및 관찰","318","1","319"
"Z049","상세불명 이유의 검사 및 관찰","1","0","1"
"Z080","악성 신생물에 대한 수술후 추적검사","2","1","3"
"Z081","악성 신생물에 대한 방사선치료후 추적검사","1","0","1"
"Z082","악성 신생물에 대한 화학요법후 추적검사","2","3","5"
"Z087","악성 신생물에 대한 복합치료후 추적검사","6","2","8"
"Z090","기타 병태에 대한 수술후 추적검사","0","1","1"
"Z098","기타 병태에 대한 기타 치료후 추적검사","25","11","36"
"Z128","기타 부위의 신생물에 대한 특수선별검사","0","1","1"
"Z21","무증상 인체면역결핍바이러스 감염상태","1","0","1"
"Z223","기타 명시된 세균성 질환의 보균자","1","0","1"
"Z238","기타 단일 세균성 질환에 대한 예방접종의 필요","1","0","1"
"Z269","상세불명의 감염성 질환에 대한 예방접종의 필요","2","2","4"
"Z301","(자궁내)피임장치의 삽입","0","1","1"
"Z305","(자궁내)피임장치의 감시","0","1","1"
"Z430","기관절개에 대한 관리를 위하여 보건서비스와 접하고 있는 사람","2","0","2"
"Z431","위조루에 대한 관리를 위하여 보건서비스와 접하고 있는 사람","13","4","17"
"Z432","회장조루에 대한 관리를 위하여 보건서비스와 접하고 있는 사람","8","6","14"
"Z433","결장조루에 대한 관리를 위하여 보건서비스와 접하고 있는 사람","2","1","3"
"Z434","소화관의 기타 인공개구에 대한 관리를 위하여 보건서비스와 접하고 있는 사람","2","0","2"
"Z436","요로의 기타 인공개구에 대한 관리를 위하여 보건서비스와 접하고 있는 사람","3","1","4"
"Z448","기타 외부 인공삽입장치의 부착 및 조정을 위하여 보건서비스와 접하고 있는 사람","3","0","3"
"Z450","심장장치의 조정 및 관리를 위하여 보건서비스와 접하고 있는 사람","2","3","5"
"Z451","주입펌프의 조정 및 관리를 위하여 보건서비스와 접하고 있는 사람","2","0","2"
"Z452","혈관통로장치의 조정 및 관리를 위하여 보건서비스와 접하고 있는 사람","3","2","5"
"Z453","이식청력장치의 조정 및 관리를 위하여 보건서비스와 접하고 있는 사람","2","1","3"
"Z458","기타 이식장치의 조정 및 관리를 위하여 보건서비스와 접하고 있는 사람","4","1","5"
"Z462","신경계통 및 특수감각에 관련된 기타 장치의 부착 및 조정을 위하여 보건서비스와 접하고 있는 사람","1","0","1"
"Z463","치과보철 장치의 부착 및 조정을 위하여 보건서비스와 접하고 있는 사람","3","2","5"
"Z466","요로계 장치의 부착 및 조정을 위하여 보건서비스와 접하고 있는 사람","3","0","3"
"Z468","기타 명시된 장치의 부착 및 조정을 위하여 보건서비스와 접하고 있는 사람","1","1","2"
"Z469","상세불명의 장치의 부착 및 조정을 위하여 보건서비스와 접하고 있는 사람","1","2","3"
"Z470","골절판 및 기타 내부고정장치의 제거를 포함한 추적치료를 위하여 보건서비스와 접하고 있는 사람","36","51","87"
"Z4788","기타 명시된 정형외과적 추적치료를 위하여 보건서비스와 접하고 있는 사람","1","0","1"
"Z480","외과적 드레싱 및 봉합에 대한 관리를 위하여 보건서비스와 접하고 있는 사람","1","0","1"
"Z488","기타 명시된 외과적 추적치료를 위하여 보건서비스와 접하고 있는 사람","3","2","5"
"Z490","투석을 위한 사전진료를 위하여 보건서비스와 접하고 있는 사람","3","0","3"
"Z491","체외투석를 위하여 보건서비스와 접하고 있는 사람","115","63","178"
"Z492","기타 투석를 위하여 보건서비스와 접하고 있는 사람","7","8","15"
"Z508","기타 재활처치를 포함한 치료를 위하여 보건서비스와 접하고 있는 사람","79","50","129"
"Z509","상세불명의 재활처치를 포함한 치료를 위하여 보건서비스와 접하고 있는 사람","339","207","546"
"Z510","방사선요법기간를 위하여 보건서비스와 접하고 있는 사람","32","11","43"
"Z511","신생물에 대한 화학요법기간를 위하여 보건서비스와 접하고 있는 사람","553","254","807"
"Z515","완화의료를 위하여 보건서비스와 접하고 있는 사람","144","173","317"
"Z519","상세불명의 의료를 위하여 보건서비스와 접하고 있는 사람","1","0","1"
"Z524","신장기증자","0","1","1"
"Z530","금기증 때문에 수행되지 못한 처치를 위하여 보건서비스와 접하고 있는 사람","56","41","97"
"Z531","믿음이나 집단압력으로 인한 환자의 의사결정 때문에 수행되지 못한 처치를 위하여 보건서비스와 접하고 있는 사람","4","4","8"
"Z532","기타 및 상세불명의 이유로 인한 환자의 의사결정 때문에 수행되지 못한 처치를 위하여 보건서비스와 접하고 있는 사람","33","25","58"
"Z538","기타 이유로 실행되지 못한 처치를 위하여 보건서비스와 접하고 있는 사람","50","25","75"
"Z539","상세불명의 이유로 실행되지 못한 처치를 위하여 보건서비스와 접하고 있는 사람","1","0","1"
"Z540","수술후 회복기","0","2","2"
"Z544","골절치료후 회복기","1","0","1"
"Z638","일차지원집단에 관련된 기타 명시된 문제","0","1","1"
"Z719","상세불명의 상담을 위해 보건서비스와 접하고 있는 사람","0","1","1"
"Z733","달리 분류되지 않은 스트레스에 관련된 문제","1","0","1"
"Z821","실명 및 시력상실의 가족력","1","0","1"
"Z850","소화기관의 악성 신생물의 개인력","776","222","998"
"Z851","기관, 기관지 및 폐의 악성 신생물의 개인력","132","22","154"
"Z852","기타 호흡기 및 흉곽내 기관의 악성 신생물의 개인력","33","9","42"
"Z853","유방의 악성 신생물의 개인력","1","55","56"
"Z854","생식기관의 악성 신생물의 개인력","325","98","423"
"Z855","요로의 악성 신생물의 개인력","199","35","234"
"Z856","백혈병의 개인력","2","1","3"
"Z857","림프, 조혈조직 및 관련 조직의 기타 악성 신생물의 개인력","46","8","54"
"Z858","기타 기관 또는 계통의 악성 신생물의 개인력","63","29","92"
"Z860","기타 신생물의 개인력","8","12","20"
"Z874","비뇨생식계통의 질환의 개인력","1","1","2"
"Z890","한쪽 손가락[엄지손가락 포함]의 후천성 결여","4","0","4"
"Z892","손목위 팔의 후천성 결여","5","0","5"
"Z893","양쪽 팔[모든 부위]의 후천성 결여","3","0","3"
"Z894","발 및 발목의 후천성 결여","17","16","33"
"Z895","무릎을 포함한 다리의 후천성 결여","21","6","27"
"Z896","무릎위 다리의 후천성 결여","23","0","23"
"Z898","팔 및 다리[모든 부위]의 후천성 결여","0","1","1"
"Z899","상세불명의 후천성 사지결여","3","0","3"
"Z900","머리 및 목 일부의 후천성 결여","38","10","48"
"Z901","유방의 후천성 결여","1","35","36"
"Z902","폐[일부]의 후천성 결여","194","29","223"
"Z903","위 일부의 후천성 결여","169","47","216"
"Z904","소화관의 기타 부분의 후천성 결여","660","273","933"
"Z905","신장의 후천성 결여","63","24","87"
"Z906","요로의 기타 기관의 후천성 결여","38","9","47"
"Z907","생식기관의 후천성 결여","85","77","162"
"Z908","기타 기관의 후천성 결여","26","17","43"
"Z921","항응고제의 오랜 (현존) 사용의 개인력","2","0","2"
"Z930","기관절개상태","66","36","102"
"Z931","위조루상태","31","5","36"
"Z932","회장조루상태","32","15","47"
"Z933","결장조루상태","41","13","54"
"Z934","기타 위장관의 인공개구상태","1","1","2"
"Z935","방광조루상태","9","5","14"
"Z936","기타 요로의 인공개구상태","9","4","13"
"Z940","신장이식상태","15","3","18"
"Z944","간이식상태","6","0","6"
"Z945","피부이식상태","1","0","1"
"Z947","각막이식상태","1","0","1"
"Z948","기타 이식된 기관 및 조직 상태","0","11","11"
"Z950","심장전자장치의 존재","63","26","89"
"Z951","대동맥관상동맥우회로이식편의 존재","267","64","331"
"Z952","인공심장판막의 존재","18","15","33"
"Z953","이종심장판막의 존재","12","2","14"
"Z954","기타 심장판막대치물의 존재","2","2","4"
"Z955","관상동맥혈관성형 삽입물 및 이식편의 존재","1061","266","1327"
"Z958","기타 심장 및 혈관 삽입물 및 이식편의 존재","67","24","91"
"Z959","상세불명의 심장 및 혈관 삽입물 및 이식편의 존재","1","0","1"
"Z960","비뇨생식기삽입물의 존재","1","0","1"
"Z961","안구내렌즈의 존재","406","453","859"
"Z9620","와우삽입물의 존재","1","0","1"
"Z9621","고막절개관의 존재","0","1","1"
"Z9628","기타 이과 및 청각학적 삽입물","1","0","1"
"Z963","인공후두의 존재","1","0","1"
"Z9663","고관절삽입물의 존재","7","7","14"
"Z9664","무릎관절삽입물의 존재","16","28","44"
"Z9665","발목관절삽입물의 존재","1","0","1"
"Z9669","상세불명의 관절삽입물의 존재","1","0","1"
"Z968","기타 명시된 기능적 삽입물의 존재","0","1","1"
"Z970","의안의 존재","7","1","8"
"Z975","(자궁내)피임장치의 존재","0","1","1"
"Z982","뇌척수액배출장치의 존재","2","0","2"
"Z988","기타 명시된 수술후 상태","1","0","1"
"Z9888","기타 명시된 수술후 상태","26","10","36"
