"상병코드","상병명","국비","사비","계"
"A020","Salmonella enteritis","0","1","1"
"A039","Shigellosis, unspecified","0","1","1"
"A045","Campylobacter enteritis","0","3","3"
"A046","Enteritis due to Yersinia enterocolitica","0","1","1"
"A047","Enterocolitis due to Clostridium difficile","2","2","4"
"A080","Rotaviral enteritis","0","2","2"
"A081","Acute gastroenteropathy due to Norwalk agent","0","4","4"
"A084","Viral intestinal infection, unspecified","1","0","1"
"A090","Other and unspecified gastroenteritis and colitis of infectious origin","0","5","5"
"A099","Gastroenteritis and colitis of unspecified origin","29","72","101"
"A1501","Tuberculous of lung without cavitation or unspecified, confirmed by sputum microscopy with or without culture","0","1","1"
"A1511","Tuberculosis of lung without cavitation or unspecified, confirmed by culture only","1","5","6"
"A1531","Tuberculosis of lung without cavitation or unspecified, confirmed by unspecified means","0","2","2"
"A1561","Tuberculous pleurisy without cavitation or unspecified, confirmed bacteriologically and histologically","0","3","3"
"A1620","Tuberculosis of lung with cavitation, without mention of bacteriological or histological confirmation","0","2","2"
"A1621","Tuberculosis of lung without cavitation or unspecified, without mention of bacteriological or histological confirmation","1","6","7"
"A1651","Tuberculous pleurisy without cavitation or unspecified, without mention of bacteriological or histologicalconfirmation","2","1","3"
"A1691","Respiratory tuberculosis unspecified without cavitation or unspecified, without mention of bacteriological or histological confirmation","1","1","2"
"A170","Tuberculous meningitis(G01*)","0","1","1"
"A1819","Tuberculosis of genitourinary system, unspecified","1","0","1"
"A182","Tuberculous peripheral lymphadenopathy","1","0","1"
"A198","Other miliary tuberculosis","0","1","1"
"A310","Pulmonary mycobacterial infection","0","1","1"
"A318","Other mycobacterial infections","2","0","2"
"A4188","Other specified sepsis","3","0","3"
"A419","Sepsis, unspecified","13","6","19"
"A420","Pulmonary actinomycosis","0","1","1"
"A46","Erysipelas","1","1","2"
"A488","Other specified bacterial diseases","0","3","3"
"A491","Streptococcal and enterococcal infection, unspecified site","0","1","1"
"A493","Mycoplasma infection, unspecified site","0","1","1"
"A499","Bacterial infection, unspecified","1","1","2"
"A630","Anogenital(venereal) warts","1","0","1"
"A681","Tick-borne relapsing fever","1","0","1"
"A753","Typhus fever due to Rickettsia tsutsugamushi","0","2","2"
"A878","Other viral meningitis","1","0","1"
"B000","Eczema herpeticum","0","1","1"
"B002","Herpesviral gingivostomatitis and pharyngotonsillitis","0","1","1"
"B0088","Other herpesviral infection","0","1","1"
"B009","Herpesviral infection, unspecified","2","0","2"
"B023","Zoster ocular disease","1","0","1"
"B029","Zoster without complication","6","6","12"
"B082","Exanthema subitum [sixth disease]","0","2","2"
"B084","Enteroviral vesicular stomatitis with exanthem","0","1","1"
"B085","Enteroviral vesicular pharyngitis","0","1","1"
"B159","Hepatitis A without hepatic coma","0","2","2"
"B1810","Chronic viral hepatitis B without delta- agent","2","3","5"
"B182","Chronic viral hepatitis C","1","0","1"
"B340","Adenovirus infection, unspecified site","0","4","4"
"B341","Enterovirus infection, unspecified site","0","1","1"
"B342","Coronavirus infection, unspecified site","0","2","2"
"B351","Tinea unguium","1","0","1"
"B441","Other pulmonary aspergillosis","0","1","1"
"B909","Sequelae of respiratory and unspecified tuberculosis","1","1","2"
"C01","Malignant neoplasm of base of tongue","0","1","1"
"C029","Malignant neoplasm of tongue, unspecified","0","2","2"
"C080","Malignant neoplasm of submandibular gland","1","0","1"
"C108","Malignant neoplasm of overlapping lesion of oropharynx","0","1","1"
"C139","Malignant neoplasm of hypopharynx, unspecified","2","0","2"
"C154","Malignant neoplasm of middle third of oesophagus","0","2","2"
"C155","Malignant neoplasm of lower third of oesophagus","0","1","1"
"C159","Malignant neoplasm of oesophagus, unspecified","2","5","7"
"C1609","Malignant neoplasm of cardia, unspecified","0","1","1"
"C1611","Malignant neoplasm of fundus of stomach, advanced","0","1","1"
"C1621","Malignant neoplasm of body of stomach, advanced","0","6","6"
"C1629","Malignant neoplasm of body of stomach, unspecified","0","2","2"
"C1690","Malignant neoplasm of stomach, unspecified, early","1","1","2"
"C1691","Malignant neoplasm of stomach, unspecified, advanced","1","5","6"
"C1699","Malignant neoplasm of stomach, unspecified, unspecified","66","37","103"
"C170","Malignant neoplasm of duodenum","0","1","1"
"C179","Malignant neoplasm of small intestine, unspecified","0","1","1"
"C180","Malignant neoplasm of caecum","1","0","1"
"C181","Malignant neoplasm of appendix","1","0","1"
"C182","Malignant neoplasm of ascending colon","3","8","11"
"C184","Malignant neoplasm of transverse colon","0","2","2"
"C186","Malignant neoplasm of descending colon","2","2","4"
"C187","Malignant neoplasm of sigmoid colon","26","35","61"
"C188","Malignant neoplasm of overlapping lesion of colon","0","4","4"
"C189","Malignant neoplasm of colon, unspecified","38","14","52"
"C19","Malignant neoplasm of rectosigmoid junction","1","3","4"
"C20","Malignant neoplasm of rectum","47","17","64"
"C220","Malignant neoplasm of liver cell carcinoma","44","25","69"
"C221","Malignant neoplasm of intrahepatic bile duct carcinoma","35","35","70"
"C229","Malignant neoplasm of liver, unspecified","1","1","2"
"C23","Malignant neoplasm of gallbladder","7","10","17"
"C240","Malignant neoplasm of extrahepatic bile duct","3","8","11"
"C241","Malignant neoplasm of ampulla of Vater","2","6","8"
"C250","Malignant neoplasm of head of pancreas","0","10","10"
"C251","Malignant neoplasm of body of pancreas","0","3","3"
"C252","Malignant neoplasm of tail of pancreas","3","1","4"
"C253","Malignant neoplasm of pancreatic duct","0","1","1"
"C257","Malignant neoplasm of other parts of pancreas","0","1","1"
"C258","Malignant neoplasm of overlapping lesion of pancreas","0","1","1"
"C259","Malignant neoplasm of pancreas, unspecified","36","40","76"
"C300","Malignant neoplasm of nasal cavity","1","1","2"
"C310","Malignant neoplasm of maxillary sinus","0","2","2"
"C320","Malignant neoplasm of glottis","0","1","1"
"C329","Malignant neoplasm of larynx, unspecified","0","1","1"
"C3401","Malignant neoplasm of main bronchus, left","1","0","1"
"C3409","Malignant neoplasm of main bronchus, unspecified side","0","1","1"
"C3410","Malignant neoplasm of upper lobe, bronchus or lung, right","1","5","6"
"C3411","Malignant neoplasm of upper lobe, bronchus or lung, left","2","1","3"
"C3419","Malignant neoplasm of upper lobe, bronchus or lung, unspecified side","3","3","6"
"C342","Malignant neoplasm of middle lobe, bronchus or lung","1","3","4"
"C3430","Malignant neoplasm of lower lobe, bronchus or lung, right","1","5","6"
"C3431","Malignant neoplasm of lower lobe, bronchus or lung, left","2","4","6"
"C3439","Malignant neoplasm of lower lobe, bronchus or lung, unspecified side","1","7","8"
"C3489","Malignant neoplasm of overlapping lesion of bronchus and lung, unspecified side","2","0","2"
"C3490","Malignant neoplasm of bronchus or lung, unspecified, right","3","10","13"
"C3491","Malignant neoplasm of bronchus or lung, unspecified, left","3","6","9"
"C3499","Malignant neoplasm of bronchus or lung, unspecified, unspecified side","42","59","101"
"C381","Malignant neoplasm of anterior mediastinum","0","1","1"
"C437","Malignant melanoma of lower limb, including hip","0","1","1"
"C439","Malignant melanoma of skin, unspecified","0","1","1"
"C445","Malignant neoplasm of skin of trunk","0","1","1"
"C459","Mesothelioma, unspecified","0","1","1"
"C480","Malignant neoplasm of retroperitoneum","0","2","2"
"C482","Malignant neoplasm of peritoneum, unspecified","0","2","2"
"C499","Malignant neoplasm of connective and soft tissue, unspecified","4","6","10"
"C5011","Malignant neoplasm of central portion of breast, left","0","2","2"
"C5019","Malignant neoplasm of central portion of breast, unspecified side","0","1","1"
"C5090","Malignant neoplasm of breast unspecified, right","0","3","3"
"C5091","Malignant neoplasm of breast unspecified, left","0","3","3"
"C5099","Malignant neoplasm of breast unspecified, unspecified side","0","8","8"
"C539","Malignant neoplasm of cervix uteri, unspecified","0","2","2"
"C569","Malignant neoplasm of ovary, unspecified side","0","5","5"
"C58","Malignant neoplasm of placenta","0","1","1"
"C61","Malignant neoplasm of prostate","51","43","94"
"C649","Malignant neoplasm of kidney, except renal pelvis, unspecified side","2","4","6"
"C650","Malignant neoplasm of renal pelvis, right","1","1","2"
"C660","Malignant neoplasm of ureter, right","0","2","2"
"C661","Malignant neoplasm of ureter, left","1","0","1"
"C678","Malignant neoplasm of overlapping lesion of bladder","0","1","1"
"C679","Malignant neoplasm of bladder, unspecified","51","23","74"
"C710","Malignant neoplasm of cerebrum, except lobes and ventricles","0","7","7"
"C719","Malignant neoplasm of brain, unspecified","1","0","1"
"C73","Malignant neoplasm of thyroid gland","5","5","10"
"C7930","Secondary malignant neoplasm of brain","4","2","6"
"C794","Secondary malignant neoplasm of other and unspecified parts of nervous system","1","0","1"
"C7950","Secondary malignant neoplasm of bone","4","1","5"
"C800","Malignant neoplasm, primary site unknown, so stated","0","3","3"
"C809","Malignant neoplasm, primary site unspecified","1","1","2"
"C8338","Other and unspecified diffuse large B-cell lymphoma","0","3","3"
"C849","Mature T/NK-cell lymphoma, unspecified","0","1","1"
"C859","Non-Hodgkin lymphoma, unspecified","13","3","16"
"C900","Multiple myeloma","4","0","4"
"C9208","Other and unspecified acute myeloblastic leukaemia","0","3","3"
"C929","Myeloid leukaemia, unspecified","0","1","1"
"D002","Carcinoma in situ of stomach","1","0","1"
"D012","Carcinoma in situ of rectum","0","1","1"
"D0519","Intraductal carcinoma in situ of breast, unspecified side","0","1","1"
"D090","Carcinoma in situ of bladder","2","2","4"
"D091","Carcinoma in situ of other and unspecified urinary organs","0","1","1"
"D119","Benign neoplasm of major salivary gland, unspecified","1","0","1"
"D120","Benign neoplasm of cecum","1","0","1"
"D121","Benign neoplasm of appendix","1","2","3"
"D125","Benign neoplasm of sigmoid colon","1","3","4"
"D126","Benign neoplasm of colon, unspecified","0","1","1"
"D127","Benign neoplasm of rectosigmoid junction","6","4","10"
"D129","Benign neoplasm of anus and anal canal","1","1","2"
"D131","Benign neoplasm of stomach","32","25","57"
"D132","Benign neoplasm of duodenum","2","1","3"
"D135","Benign neoplasm of extrahepatic bile ducts","4","3","7"
"D136","Benign neoplasm of pancreas","5","1","6"
"D1439","Benign neoplasm of bronchus and lung, unspecified side","0","1","1"
"D150","Benign neoplasm of thymus","0","1","1"
"D152","Benign neoplasm of mediastinum","0","1","1"
"D169","Benign neoplasm of bone and articular cartilage, unspecified","0","1","1"
"D179","Benign lipomatous neoplasm, unspecified","2","4","6"
"D1808","Hemangioma of other sites","0","2","2"
"D200","Benign neoplasm of retroperitoneum","0","1","1"
"D219","Other benign neoplasms of connective and other soft tissue, unspecified","0","2","2"
"D303","Benign neoplasm of bladder","1","0","1"
"D321","Benign neoplasm of spinal meninges","0","1","1"
"D329","Benign neoplasm of meninges, unspecified","3","0","3"
"D331","Benign neoplasm of brain, infratentorial","2","0","2"
"D34","Benign neoplasm of thyroid gland","1","0","1"
"D350","Benign neoplasm of adrenal gland","1","2","3"
"D351","Benign neoplasm of parathyroid gland","1","1","2"
"D352","Benign neoplasm of pituitary gland","2","0","2"
"D360","Benign neoplasm of lymph nodes","1","0","1"
"D369","Benign neoplasm of unspecified site","2","0","2"
"D371","Neoplasm of uncertain or unknown behavior of stomach","1","0","1"
"D372","Neoplasm of uncertain or unknown behavior of small intestine","2","0","2"
"D374","Neoplasm of uncertain or unknown behavior of colon","2","1","3"
"D375","Neoplasm of uncertain or unknown behavior of rectum","0","1","1"
"D376","Neoplasm of uncertain or unknown behavior of liver, gallbladder and bile ducts","3","0","3"
"D377","Neoplasm of uncertain or unknown behavior of other digestive organs","0","1","1"
"D379","Neoplasm of uncertain or unknown behavior of digestive organ, unspecified","0","1","1"
"D432","Neoplasm of uncertain or unknown behavior of brain, unspecified","1","0","1"
"D45","Polycythaemia vera","1","2","3"
"D467","Other myelodysplastic syndromes","0","1","1"
"D469","Myelodysplastic syndrome, unspecified","5","1","6"
"D471","Chronic myeloproliferative disease","3","2","5"
"D472","Monoclonal gammopathy of undetermined significance (MGUS)","0","1","1"
"D474","Osteomyelofibrosis","3","0","3"
"D508","Other iron deficiency anaemias","4","1","5"
"D509","Iron deficiency anaemia, unspecified","2","1","3"
"D531","Other megaloblastic anaemias, NEC","1","0","1"
"D595","Paroxysmal nocturnal haemoglobinuria [Marchiafava-Micheli]","0","1","1"
"D619","Aplastic anaemia, unspecified","2","2","4"
"D638","Anaemia in other chronic diseases classified elsewhere","0","2","2"
"D649","Anaemia, unspecified","14","19","33"
"D696","Thrombocytopenia, unspecified","2","2","4"
"D721","Eosinophilia","4","2","6"
"D728","Other specified disorders of white blood cells","5","5","10"
"D729","Disorder of white blood cells, unspecified","5","2","7"
"D758","Other specified diseases of blood and blood-forming organs","2","2","4"
"D869","Sarcoidosis, unspecified","0","1","1"
"E041","Nontoxic single thyroid nodule","1","0","1"
"E063","Autoimmune thyroiditis","1","0","1"
"E1041","Type 1 diabetes mellitus, with diabetic polyneuropathy(G632*)","5","1","6"
"E1058","Type 1 diabetes mellitus, with other and unspecified certain circulatory complications","8","2","10"
"E1063","Type 1 diabetes mellitus, with hypoglycemia","1","0","1"
"E1101","Type 2 diabetes mellitus, with coma, with ketoacidosis","1","0","1"
"E1128","Type 2 diabetes mellitus, with other and unspecified renal complication(N083*)","3","1","4"
"E1148","Type 2 diabetes mellitus, with other and unspecified neurological complication","4","0","4"
"E1158","Type 2 diabetes mellitus, with other and unspecified certain circulatory complications","4","1","5"
"E1164","Poor control blood glucose level type 2 diabetes mellitus","1","0","1"
"E118","Type 2 diabetes mellitus, with unspecified complications","56","28","84"
"E119","Type 2 diabetes mellitus, without complications","22","6","28"
"E139","Other specified diabetes mellitus, without complications","0","1","1"
"E1433","Unspecified diabetes mellitus, with other and unspecified retinopathy(H360*)","1","0","1"
"E148","Unspecified diabetes mellitus, with unspecified complications","3","0","3"
"E162","Hypoglycaemia, unspecified","0","1","1"
"E222","Syndrome of inappropriate secretion of antidiuretic hormone","0","1","1"
"E230","Hypopituitarism","0","17","17"
"E232","Diabetes insipidus","4","0","4"
"E274","Other and unspecified adrenocortical insufficiency","0","1","1"
"E301","Precocious puberty","0","218","218"
"E308","Other disorders of puberty","0","21","21"
"E343","Short stature, NEC","0","38","38"
"E512","Wernicke’s encephalopathy","1","1","2"
"E668","Other obesity","0","1","1"
"E785","Hyperlipidaemia, unspecified","0","1","1"
"E871","Hypo-osmolality and hyponatraemia","7","10","17"
"E875","Hyperkalaemia","0","2","2"
"E889","Metabolic disorder, unspecified","1","0","1"
"E890","Postprocedural hypothyroidism","0","1","1"
"F000","Dementia in Alzheimer’s disease with early onset(G300†)","0","1","1"
"F001","Dementia in Alzheimer’s disease with late onset(G301†)","0","4","4"
"F002","Dementia in Alzheimer’s disease, atypical or mixed type(G308†)","1","1","2"
"F009","Dementia in Alzheimer´s disease, unspecified(G309†)","5","8","13"
"F019","Vascular dementia, unspecified","0","2","2"
"F03","Unspecified dementia","3","2","5"
"F059","Delirium, unspecified","1","0","1"
"F069","Unspecified mental disorder due to brain damage and dysfunction and to physical disease","0","1","1"
"F103","Withdrawal state of alcohol","0","1","1"
"F419","Anxiety disorder, unspecified","1","1","2"
"F458","Other somatoform disorders","0","2","2"
"G060","Intracranial abscess and granuloma","1","2","3"
"G119","Hereditary ataxia, unspecified","0","1","1"
"G1221","Sporadic amyotrophic lateral sclerosis","1","1","2"
"G20","Parkinson’s disease","29","18","47"
"G211","Other drug-induced secondary parkinsonism","3","0","3"
"G214","Vascular parkinsonism","6","0","6"
"G218","Other secondary parkinsonism","3","0","3"
"G219","Secondary parkinsonism, unspecified","2","0","2"
"G22","Parkinsonism in diseases classified elsewhere","2","0","2"
"G249","Dystonia, unspecified","1","0","1"
"G250","Essential tremor","1","1","2"
"G253","Myoclonus","1","2","3"
"G258","Other specified extrapyramidal and movement disorders","1","1","2"
"G259","Extrapyramidal and movement disorder, unspecified","0","1","1"
"G3182","Dementia with Lewy bodies(F028*)","1","0","1"
"G360","Neuromyelitis optica[Devic]","0","1","1"
"G373","Acute transverse myelitis in demyelinating disease of central nervous system","0","1","1"
"G4031","Generalized idiopathic epilepsy and epileptic syndromes with intractable epilepsy","1","0","1"
"G4040","Other generalized epilepsy and epileptic syndromes without intractable epilepsy","1","0","1"
"G430","Migraine without aura [common migraine]","2","70","72"
"G439","Migraine, unspecified","2","18","20"
"G440","Cluster headache syndrome","1","0","1"
"G441","Vascular headache, NEC","1","4","5"
"G442","Tension-type headache","2","2","4"
"G454","Transient global amnesia","0","1","1"
"G459","Transient cerebral ischaemic attack, unspecified","10","8","18"
"G462","Posterior cerebral artery syndrome(I662†)","1","0","1"
"G463","Brain stem stroke syndrome(I60-I67†)","0","1","1"
"G470","Disorders of initiating and maintaining sleep [insomnias]","1","1","2"
"G4738","Other sleep apnoea","0","1","1"
"G500","Trigeminal neuralgia","0","2","2"
"G510","Bell’s palsy","11","13","24"
"G530","Postzoster neuralgia(B022†)","0","4","4"
"G542","Cervical root disorders, NEC","0","1","1"
"G544","Lumbosacral root disorders, NEC","2","0","2"
"G552","Nerve root and plexus compressions in spondylosis(M47-†)","1","0","1"
"G560","Carpal tunnel syndrome","1","3","4"
"G564","Complex regional pain syndrome typeⅡ","0","4","4"
"G568","Other mononeuropathies of upper limb","6","1","7"
"G5881","Multiple complex regional pain syndrome type II","1","0","1"
"G609","Hereditary and idiopathic neuropathy, unspecified","1","1","2"
"G629","Polyneuropathy, unspecified","6","2","8"
"G632","Diabetic polyneuropathy","2","1","3"
"G638","Polyneuroparthy in other diseases classified elsewhere","2","0","2"
"G700","Myasthenia gravis","0","1","1"
"G819","Hemiplegia, unspecified","3","2","5"
"G822","Paraplegia, unspecified","4","0","4"
"G825","Tetraplegia, unspecified","5","1","6"
"G839","Paralytic syndrome, unspecified","0","1","1"
"G919","Hydrocephalus, unspecified","1","0","1"
"G931","Anoxic brain damage, NEC","1","1","2"
"G959","Disease of spinal cord, unspecified","21","3","24"
"H210","Hyphaema","1","0","1"
"H2500","Senile incipient cataract, right","1","1","2"
"H2502","Senile incipient cataract, bilateral","1","0","1"
"H2510","Senile nuclear cataract, right","249","128","377"
"H2511","Senile nuclear cataract, left","242","122","364"
"H2519","Senile nuclear cataract, unspecified side","3","0","3"
"H26020","Presenile cataract, right","0","1","1"
"H490","Third[oculomotor] nerve palsy","3","0","3"
"H492","Sixth[abducent] nerve palsy","1","3","4"
"H5313","Visual discomfort","1","0","1"
"H532","Diplopia","0","1","1"
"H5345","Heteronymous bilateral field defects","0","2","2"
"H811","Benign paroxysmal vertigo","12","19","31"
"H812","Vestibular neuronitis","5","11","16"
"H8130","Other aural vertigo","0","1","1"
"H814","Vertigo of central origin","6","4","10"
"H905","Sensorineural hearing loss, unspecified","0","1","1"
"H9120","Sudden idiopathic hearing loss, unilateral","1","0","1"
"I059","Mitral valve disease, unspecified","1","0","1"
"I109","Other and unspecified primary hypertension","20","21","41"
"I110","Hypertensive heart disease with (congestive) heart failure","2","0","2"
"I129","Hypertensive renal disease without renal failure","0","1","1"
"I200","Unstable angina","56","45","101"
"I201","Angina pectoris with documented spasm","22","16","38"
"I2088","Other forms of angina pectoris","93","60","153"
"I209","Angina pectoris, unspecified","58","32","90"
"I212","Acute transmural myocardial infarction of other sites","0","1","1"
"I214","Acute subendocardial myocardial infarction","17","14","31"
"I219","Acute myocardial infarction, unspecified","13","19","32"
"I251","Atherosclerotic heart disease","1","2","3"
"I252","Old myocardial infarction","4","0","4"
"I255","Ischaemic cardiomyopathy","2","2","4"
"I256","Silent myocardial ischaemia","0","1","1"
"I258","Other forms of chronic ischaemic heart disease","1","1","2"
"I259","Chronic ischaemic heart disease, unspecified","1","0","1"
"I269","Pulmonary embolism without mention of acute cor pulmonale","3","9","12"
"I279","Pulmonary heart disease, unspecified","1","0","1"
"I312","Haemopericardium, NEC","1","0","1"
"I313","Pericardial effusion(noninflammatory)","0","2","2"
"I319","Disease of pericardium, unspecified","0","3","3"
"I328","Pericarditis in other diseases classified elsewhere","1","0","1"
"I330","Acute and subacute infective endocarditis","0","1","1"
"I340","Mitral(valve) insufficiency","3","0","3"
"I341","Mitral(valve) prolapse","0","1","1"
"I350","Aortic(valve) stenosis","5","5","10"
"I420","Dilated cardiomyopathy","2","3","5"
"I421","Obstructive hypertrophic cardiomyopathy","2","0","2"
"I422","Other hypertrophic cardiomyopathy","2","1","3"
"I425","Other restrictive cardiomyopathy","0","2","2"
"I427","Cardiomyopathy due to drugs and other external agents","0","1","1"
"I429","Cardiomyopathy, unspecified","0","2","2"
"I441","Atrioventricular block, second degree","1","0","1"
"I442","Atrioventricular block, complete","3","2","5"
"I443","Other and unspecified atrioventricular block","0","1","1"
"I447","Left bundle-branch block, unspecified","1","0","1"
"I461","Sudden cardiac death, so described","0","1","1"
"I469","Cardiac arrest, unspecified","0","1","1"
"I471","Supraventricular tachycardia","0","1","1"
"I480","Paroxysmal atrial fibrillation","31","35","66"
"I481","Persistent atrial fibrillation","1","1","2"
"I483","Typical atrial flutter","0","1","1"
"I489","Atrial fibrillation and atrial flutter, unspecified","1","4","5"
"I493","Ventricular premature depolarization","1","1","2"
"I495","Sick sinus syndrome","2","2","4"
"I5004","Congestive heart failure with systolic dysfunction","7","11","18"
"I5008","Other and unspecified congestive heart failure","13","22","35"
"I501","Left ventricular failure","5","5","10"
"I509","Heart failure, unspecified","1","0","1"
"I519","Heart disease, unspecified","0","1","1"
"I601","Subarachnoid haemorrhage from middle cerebral artery","1","0","1"
"I605","Subarachnoid haemorrhage from vertebral artery","0","1","1"
"I608","Other subarachnoid haemorrhage","0","1","1"
"I609","Subarachnoid haemorrhage, unspecified","5","1","6"
"I612","Intracerebral haemorrhage in hemisphere, unspecified","0","2","2"
"I618","Other intracerebral haemorrhage","0","2","2"
"I619","Intracerebral haemorrhage, unspecified","18","12","30"
"I620","Subdural haemorrhage (acute)(nontraumatic)","2","2","4"
"I629","Intracranial haemorrhage(nontraumatic), unspecified","4","0","4"
"I6300","Cerebral infarction due to thrombosis of vertebral artery","0","1","1"
"I6301","Cerebral infarction due to thrombosis of basilar artery","1","1","2"
"I6302","Cerebral infarction due to thrombosis of carotid artery","0","1","1"
"I6309","Cerebral infarction due to thrombosis of unspecified precerebral artery","0","1","1"
"I6322","Cerebral infarction due to unspecified occlusion or stenosis of carotid artery","0","1","1"
"I6329","Cerebral infarction due to unspecified occlusion or stenosis of unspecified precerebral artery","0","1","1"
"I6330","Cerebral infarction due to thrombosis of middle cerebral artery","3","4","7"
"I6332","Cerebral infarction due to thrombosis of posterior cerebral artery","0","1","1"
"I6339","Cerebral infarction due to thrombosis of unspecified cerebral arteries","8","18","26"
"I6340","Cerebral infarction due to embolism of middle cerebral artery","1","4","5"
"I6342","Cerebral infarction due to embolism of posterior cerebral artery","1","0","1"
"I6349","Cerebral infarction due to embolism of unspecified cerebral arteries","0","3","3"
"I6350","Cerebral infarction due to unspecified occlusion or stenosis of middle cerebral artery","6","3","9"
"I6352","Cerebral infarction due to unspecified occlusion or stenosis of posterior cerebral artery","3","1","4"
"I6359","Cerebral infarction due to unspecified occlusion or stenosis of unspecified cerebral arteries","6","1","7"
"I638","Other cerebral infarction","54","31","85"
"I639","Cerebral infarction, unspecified","49","60","109"
"I652","Occlusion and stenosis of carotid artery","14","8","22"
"I658","Occlusion and stenosis of other precerebral artery","2","0","2"
"I659","Occlusion and stenosis of unspecified precerebral artery","2","0","2"
"I660","Occlusion and stenosis of middle cerebral artery","3","4","7"
"I661","Occlusion and stenosis of anterior cerebral artery","2","0","2"
"I671","Cerebral aneurysm, nonruptured","8","7","15"
"I678","Other specified cerebrovascular diseases","5","3","8"
"I679","Cerebrovascular disease, unspecified","2","2","4"
"I690","Sequelae of subarachnoid haemorrhage","0","2","2"
"I691","Sequelae of intracerebral haemorrhage","2","2","4"
"I693","Sequelae of cerebral infarction","11","20","31"
"I698","Sequelae of other and unspecified cerebrovascular diseases","9","7","16"
"I7022","Atherosclerosis of arteries of extremities with intermittent claudication","1","0","1"
"I7025","Atherosclerosis of arteries of extremities with gangrene","0","1","1"
"I7029","Atherosclerosis of arteries of extremities, unspecified","26","7","33"
"I70830","Atherosclerosis of subclavian artery, without gangrene","1","0","1"
"I70880","Atherosclerosis of other arteries, without gangrene","1","0","1"
"I70920","Generalized atherosclerosis, without gangrene","8","1","9"
"I7109","Unspecified site","0","1","1"
"I7120","Thoracic aorta, ascending","0","1","1"
"I714","Abdominal aortic aneurysm, without mention of rupture","1","0","1"
"I716","Thoracoabdominal aortic aneurysm, without mention of rupture","2","0","2"
"I718","Aortic aneurysm of unspecified site, ruptured","1","0","1"
"I719","Aortic aneurysm of unspecified site, without mention of rupture","1","2","3"
"I7380","Peripheral artery occlusive disease involving arteries below knee","7","3","10"
"I739","Peripheral vascular disease, unspecified","1","1","2"
"I7430","Embolism and thrombosis of below knee","2","0","2"
"I7431","Embolism and thrombosis of above knee","0","1","1"
"I749","Embolism and thrombosis of unspecified artery","0","1","1"
"I771","Stricture of artery","1","2","3"
"I776","Arteritis, unspecified","0","1","1"
"I802","Phlebitis and thrombophlebitis of other deep vessels of lower extremities","1","1","2"
"I809","Phlebitis and thrombophlebitis of unspecified site","1","1","2"
"I81","Portal vein thrombosis","2","0","2"
"I831","Varicose veins of lower extremities with inflammation","0","1","1"
"I839","Varicose veins of lower extremities without ulcer or inflammation","16","17","33"
"I8591","Esophageal varices without bleeding, secondary","2","1","3"
"I872","Venous insufficiency (chronic)(peripheral)","7","0","7"
"I880","Nonspecific mesenteric lymphadenitis","1","0","1"
"I889","Nonspecific lymphadenitis, unspecified","1","0","1"
"I890","Lymphoedema, NEC","2","0","2"
"I951","Orthostatic hypotension","2","0","2"
"I959","Hypotension, unspecified","2","0","2"
"J00","Acute nasopharyngitis[common cold]","0","1","1"
"J0101","Acute maxillary sinusitis, recurrent","0","1","1"
"J0191","Acute sinusitis, unspecified, recurrent","0","1","1"
"J0390","Acute tonsillitis, unspecified, not specified as recurrent","0","8","8"
"J0391","Acute tonsillitis, unspecified, recurrent","0","5","5"
"J050","Acute obstructive laryngitis [croup]","0","1","1"
"J09","Influenza due to identified zoonotic or pandemic influenza virus","4","6","10"
"J111","Influenza with other respiratory manifestations, virus not identified","1","20","21"
"J129","Viral pneumonia, unspecified","1","0","1"
"J157","Pneumonia due to Mycoplasma pneumoniae","0","13","13"
"J159","Bacterial pneumonia, unspecified","6","7","13"
"J168","Pneumonia due to other specified infectious organisms","2","0","2"
"J180","Bronchopneumonia, unspecified","4","10","14"
"J189","Pneumonia, unspecified","60","100","160"
"J205","Acute bronchitis due to respiratory syncytial virus","0","1","1"
"J206","Acute bronchitis due to rhinovirus","0","2","2"
"J2080","Acute bronchitis due to human bocavirus","0","1","1"
"J209","Acute bronchitis, unspecified","0","4","4"
"J219","Acute bronchiolitis, unspecified","0","10","10"
"J301","Allergic rhinitis due to pollen","1","0","1"
"J320","Chronic maxillary sinusitis","0","1","1"
"J324","Chronic pansinusitis","0","1","1"
"J348","Other specified disorders of nose and nasal sinuses","0","1","1"
"J390","Retropharyngeal and parapharyngeal abscess","1","1","2"
"J392","Other diseases of pharynx","1","0","1"
"J40","Bronchitis, not specified as acute or chronic","2","0","2"
"J42","Unspecified chronic bronchitis","1","1","2"
"J438","Other emphysema","1","0","1"
"J4400","Chronic obstructive pulmonary disease with acute lower respiratory infection, mild","1","0","1"
"J4410","Chronic obstructive pulmonary disease with acute exacerbation, unspecified, mild","0","4","4"
"J4411","Chronic obstructive pulmonary disease with acute exacerbation, unspecified, moderate","4","0","4"
"J4412","Chronic obstructive pulmonary disease with acute exacerbation, unspecified, severe","0","1","1"
"J4419","Chronic obstructive pulmonary disease with acute exacerbation, unspecified, unspecified","3","1","4"
"J4480","Other specified chronic obstructive pulmonary disease, mild","1","0","1"
"J4481","Other specified chronic obstructive pulmonary disease, moderate","6","1","7"
"J4482","Other specified chronic obstructive pulmonary disease, severe","2","1","3"
"J4489","Other specified chronic obstructive pulmonary disease, unspecified","0","1","1"
"J4490","Chronic obstructive pulmonary disease, unspecified, mild","0","1","1"
"J4491","Chronic obstructive pulmonary disease, unspecified, moderate","2","0","2"
"J4492","Chronic obstructive pulmonary disease, unspecified, severe","5","7","12"
"J4499","Chronic obstructive pulmonary disease, unspecified, unspecified","28","19","47"
"J4501","Other allergic asthma, intermittent and mild persistent","2","0","2"
"J4502","Other allergic asthma, moderate persistent","0","1","1"
"J4503","Other allergic asthma, severe persistent","1","1","2"
"J459","Asthma, unspecified","4","3","7"
"J47","Bronchiectasis","1","1","2"
"J64","Unspecified pneumoconiosis","0","1","1"
"J698","Pneumonitis due to other solids and liquids","41","41","82"
"J80","Adult respiratory distress syndrome","2","0","2"
"J8418","Other interstitial pulmonary diseases with fibrosis","6","5","11"
"J849","Interstitial pulmonary disease, unspecified","2","0","2"
"J851","Abscess of lung with pneumonia","0","1","1"
"J852","Abscess of lung without pneumonia","0","1","1"
"J869","Pyothorax without fistula","2","3","5"
"J90","Pleural effusion, NEC","1","7","8"
"J939","Pneumothorax, unspecified","2","0","2"
"J9610","Chronic respiratory failure, type I [hypoxic]","0","2","2"
"J9840","Solitary pulmonary nodule","3","0","3"
"J9848","Other disorders of lung","0","1","1"
"K1120","Acute sialoadenitis","0","1","1"
"K118","Other diseases of salivary glands","1","0","1"
"K120","Recurrent oral aphthae","0","1","1"
"K20","Oesophagitis","0","2","2"
"K210","Gastro-oesophageal reflux disease with oesophagitis","6","11","17"
"K219","Gastro-oesophageal reflux disease without oesophagitis","5","11","16"
"K223","Perforation of oesophagus","1","0","1"
"K226","Gastro-oesophageal laceration-haemorrhage syndrome","1","2","3"
"K2501","Acute gastric ulcer with hemorrhage","6","8","14"
"K2531","Acute gastric ulcer without hemorrhage or perforation","4","3","7"
"K2541","Chronic or unspecified gastric ulcer with hemorrhage","0","2","2"
"K2591","Unspecified as acute or chronic gastric ulcer without hemorrhage or perforation","8","1","9"
"K260","Acute duodenal ulcer with hemorrhage","1","3","4"
"K269","Unspecified as acute or chronic duodenal ulcer without hemorrhage or perforation","3","3","6"
"K291","Other acute gastritis","0","4","4"
"K295","Chronic gastritis, unspecified","1","0","1"
"K297","Gastritis, unspecified","3","4","7"
"K298","Duodenitis","0","1","1"
"K30","Functional dyspepsia","1","1","2"
"K311","Adult hypertrophic pyloric stenosis","0","1","1"
"K312","Hourglass stricture and stenosis of stomach","0","1","1"
"K3188","Other specified diseases of stomach and duodenum","3","1","4"
"K352","Acute appendicitis with generalized peritonitis","0","3","3"
"K353","Acute appendicitis with localized peritonitis","5","25","30"
"K358","Acute appendicitis, other and unspecified","4","20","24"
"K36","Other appendicitis","3","8","11"
"K388","Other specified diseases of appendix","1","0","1"
"K389","Disease of appendix, unspecified","1","0","1"
"K4011","Bilateral inguinal hernia, with gangrene, recurrent","1","0","1"
"K4020","Bilateral inguinal hernia, without obstruction or gangrene, not specified as recurrent","2","4","6"
"K4030","Unilateral or unspecified inguinal hernia, with obstruction, without gangrene, not specified as recurrent","0","1","1"
"K4090","Unilateral or unspecified inguinal hernia, without obstruction or gangrene, not specified as recurrent","26","35","61"
"K4091","Unilateral or unspecified inguinal hernia, without obstruction or gangrene, recurrent","3","0","3"
"K419","Unilateral or unspecified femoral hernia, without obstruction or gangrene","1","0","1"
"K421","Umbilical hernia with gangrene","0","1","1"
"K429","Umbilical hernia without obstruction or gangrene","1","2","3"
"K432","Incisional hernia without obstruction or gangrene","3","4","7"
"K449","Diaphragmatic hernia without obstruction or gangrene","0","2","2"
"K469","Unspecified abdominal hernia without obstruction or gangrene","1","0","1"
"K5001","Crohn’s disease of small intestine, moderate","0","1","1"
"K5011","Crohn’s disease of large intestine, moderate","0","1","1"
"K5099","Crohn’s disease, unspecified, unspecified","3","0","3"
"K519","Ulcerative colitis, unspecified","0","5","5"
"K529","Noninfective gastroenteritis and colitis, unspecified","1","13","14"
"K550","Acute vascular disorders of intestine","0","2","2"
"K5521","Angiodysplasia of colon with hemorrhage","0","1","1"
"K559","Vascular disorder of intestine, unspecified","4","6","10"
"K560","Paralytic ileus","2","2","4"
"K561","Intussusception","1","1","2"
"K562","Volvulus","1","2","3"
"K565","Intestine adhesions [bands] with obstruction","0","2","2"
"K566","Other and unspecified intestinal obstruction","7","7","14"
"K567","Ileus, unspecified","2","1","3"
"K5722","Diverticular disease of large intestine with perforation and abscess, diverticulitis, without bleeding","0","1","1"
"K5723","Diverticular disease of large intestine with perforation and abscess, diverticulitis, with bleeding","0","1","1"
"K5731","Diverticular disease of large intestine without perforation or abscess, diverticulosis, with bleeding","1","0","1"
"K5732","Diverticular disease of large intestine without perforation or abscess, diverticulitis, without bleeding","0","3","3"
"K5742","Diverticular disease of both samll and large intestine with perforation and abscess, diverticulitis, without bleeding","0","1","1"
"K5792","Diverticular disease of intestine, part unspecified, without perforation or abscess, diverticulitis, without bleeding","0","2","2"
"K580","Irritable bowel syndrome with diarrhoea","5","1","6"
"K589","Irritable bowel syndrome without diarrhoea","2","0","2"
"K5900","Slow transit constipation","1","0","1"
"K5909","Other and unspecified constipation","3","3","6"
"K591","Functional diarrhoea","1","0","1"
"K5981","Colonic pseudoobstruction","2","0","2"
"K601","Chronic anal fissure","4","1","5"
"K602","Anal fissure, unspecified","0","1","1"
"K603","Anal fistula","10","3","13"
"K604","Rectal fistula","0","1","1"
"K610","Anal abscess","4","0","4"
"K611","Rectal abscess","2","0","2"
"K621","Rectal polyp","1","0","1"
"K623","Rectal prolapse","3","1","4"
"K624","Stenosis of anus and rectum","2","1","3"
"K625","Haemorrhage of anus and rectum","2","0","2"
"K627","Radiation proctitis","4","0","4"
"K631","Perforation of intestine(nontraumatic)","2","3","5"
"K6359","Polyp of colon, unspecified","14","9","23"
"K639","Disease of intestine, unspecified","1","1","2"
"K641","Second degree haemorrhoids","5","3","8"
"K642","Third degree haemorrhoids","5","5","10"
"K643","Fourth degree haemorrhoids","2","4","6"
"K648","Other specified haemorrhoids","1","0","1"
"K649","Haemorrhoids, unspecified","16","5","21"
"K650","Acute peritonitis","2","5","7"
"K659","Peritonitis, unspecified","0","2","2"
"K700","Alcoholic fatty liver","1","0","1"
"K7010","Alcoholic hepatitis, without ascites","1","0","1"
"K7030","Alcoholic cirrhosis of liver, without ascites","1","0","1"
"K709","Alcoholic liver disease, unspecified","1","0","1"
"K712","Toxic liver disease with acute hepatitis","0","1","1"
"K716","Toxic liver disease with hepatitis, NEC","2","2","4"
"K7210","Chronic hepatic failure, without coma","0","1","1"
"K7290","Hepatic failure, unspecified, without coma","1","1","2"
"K739","Chronic hepatitis, unspecified","0","1","1"
"K7409","Hepatic fibrosis, unspecified","1","0","1"
"K7420","Hepatic fibrosis with hepatic sclerosis, Child-Pugh A","0","2","2"
"K7462","Other and unspecified cirrhosis of liver, Child-Pugh C","0","2","2"
"K7469","Other and unspecified cirrhosis of liver, unspecified","5","2","7"
"K750","Abscess of liver","7","3","10"
"K759","Inflammatory liver disease, unspecified","1","2","3"
"K767","Hepatorenal syndrome","3","4","7"
"K769","Liver disease, unspecified","2","1","3"
"K8000","Calculus of gallbladder with acute cholecystitis, without mention of obstruction","2","3","5"
"K8001","Calculus of gallbladder with acute cholecystitis, with obstruction","1","1","2"
"K8010","Calculus of gallbladder with other cholecystitis, without mention of obstruction","7","19","26"
"K8020","Calculus of gallbladder without cholecystitis, without mention of obstruction","1","4","5"
"K8030","Calculus of bile duct with cholangitis, without mention of obstruction","21","40","61"
"K8040","Calculus of bile duct with cholecystitis, without mention of obstruction","2","2","4"
"K8050","Calculus of bile duct without cholangitis or cholecystitis, without mention of obstruction","2","4","6"
"K8080","Other cholelithiasis, without mention of obstruction","10","18","28"
"K810","Acute cholecystitis","8","13","21"
"K811","Chronic cholecystitis","1","6","7"
"K819","Cholecystitis, unspecified","4","10","14"
"K828","Other specified diseases of gallbladder","1","3","4"
"K830","Cholangitis","8","16","24"
"K851","Biliary acute pancreatitis","0","1","1"
"K859","Acute pancreatitis, unspecified","3","11","14"
"K861","Other chronic pancreatitis","10","1","11"
"K862","Cyst of pancreas","1","0","1"
"K868","Other specified diseases of pancreas","1","1","2"
"K912","Postsurgical malabsorption NEC","2","0","2"
"K913","Postoperative intestinal obstruction","0","1","1"
"K921","Melaena","0","1","1"
"K922","Gastrointestinal haemorrhage, unspecified","11","8","19"
"L00","Staphylococcal scalded skin syndrome","0","1","1"
"L0230","Cutaneous abscess of buttock","2","0","2"
"L0240","Cutaneous abscess of limb","0","1","1"
"L0280","Cutaneous abscess of other sites","0","1","1"
"L0290","Cutaneous abscess, unspecified","4","1","5"
"L0300","Cellulitis of finger","2","1","3"
"L0310","Cellulitis of upper limb","0","1","1"
"L0311","Cellulitis of lower limb","5","9","14"
"L0335","Cellulitis of buttock","2","0","2"
"L038","Cellulitis of other sites","1","0","1"
"L039","Cellulitis, unspecified","7","4","11"
"L040","Acute lymphadenitis of face, head and neck","0","3","3"
"L049","Acute lymphadenitis, unspecified","0","1","1"
"L050","Pilonidal cyst with abscess","0","1","1"
"L059","Pilonidal cyst without abscess","0","1","1"
"L500","Allergic urticaria","1","2","3"
"L599","Disorder of skin and subcutaneous tissue related to radiation, unspecified","0","1","1"
"L600","Ingrowing nail","3","2","5"
"L720","Epidermal cyst","4","2","6"
"L729","Follicular cyst of skin and subcutaneous tissue, unspecified","1","0","1"
"L891","Stage II decubitus ulcer and pressure area","1","0","1"
"L892","Stage III decubitus ulcer and pressure area","1","0","1"
"L899","Decubitus ulcer and pressure area, unspecified","10","4","14"
"L929","Granulomatous disorder of skin and subcutaneous tissue, unspecified","1","1","2"
"M0099","Pyogenic arthritis, unspecified, site unspecified","3","6","9"
"M05881","Moderate other seropositive rheumatoid arthritis, other","1","0","1"
"M0600","Seronegative rheumatoid arthritis, multiple sites","2","0","2"
"M1097","Gout, unspecified, ankle and foot","1","0","1"
"M1099","Gout, unspecified, site unspecified","1","1","2"
"M1251","Traumatic arthropathy, shoulder region","1","0","1"
"M1385","Other specified arthritis, pelvic region and thigh","0","1","1"
"M1386","Other specified arthritis, lower leg","1","0","1"
"M1387","Other specified arthritis, ankle and foot","7","1","8"
"M1389","Other specified arthritis, site unspecified","3","2","5"
"M1393","Arthritis, unspecified, forearm","1","0","1"
"M150","Primary generalized (osteo)arthrosis","1","0","1"
"M179","Gonarthrosis, unspecified","79","85","164"
"M1917","Post-traumatic arthrosis of other joints, ankle and foot","0","1","1"
"M1989","Other specified arthrosis, site unspecified","1","0","1"
"M1996","Arthrosis, unspecified, lower leg","0","3","3"
"M1997","Arthrosis, unspecified, ankle and foot","3","4","7"
"M1998","Arthrosis, unspecified, other","1","0","1"
"M1999","Arthrosis, unspecified, site unspecified","6","3","9"
"M2000","Mallet finger","2","0","2"
"M201","Hallux valgus (acquired)","9","12","21"
"M204","Other hammer toe(s) (acquired)","3","1","4"
"M205","Other deformities of toe(s) (acquired)","1","0","1"
"M206","Acquired deformity of toe(s), unspecified","1","0","1"
"M2199","Acquired deformity of limb, unspecified, site unspecified","1","0","1"
"M2319","Discoid meniscus (congenital), unspecified meniscus or ligament","0","3","3"
"M2329","Derangement of meniscus due to old tear or injury, unspecified meniscus or ligament","1","0","1"
"M2332","Other meniscus derangements, lateral meniscus","2","0","2"
"M2339","Other meniscus derangements, unspecified meniscus or ligament","0","1","1"
"M2389","Other internal derangements of knee, unspecified meniscus or ligament","1","0","1"
"M2399","Internal derangement of knee, unspecified, unspecified meniscus or ligament","0","1","1"
"M2531","Other instability of joint, shoulder region","0","1","1"
"M2559","Pain in joint, site unspecified","1","0","1"
"M2595","Joint disorder, unspecified, pelvic region and thigh","0","1","1"
"M303","Mucocutaneous lymph node syndrome [Kawasaki]","0","1","1"
"M316","Other giant cell arteritis","1","0","1"
"M4029","Other and unspecified kyphosis, site unspecified","0","1","1"
"M4129","Other idiopathic scoliosis, site unspecified","2","0","2"
"M4307","Spondylolysis, lumbosacral region","0","1","1"
"M4316","Spondylolisthesis, lumbar region","7","1","8"
"M4319","Spondylolisthesis, site unspecified","6","1","7"
"M450","Ankylosing spondylitis, multiple sites in spine","0","1","1"
"M4656","Other infective spondylopathies, lumbar region","1","1","2"
"M4659","Other infective spondylopathies, site unspecified","2","3","5"
"M4682","Other specified inflammatory spondylopathies, cervical region","0","1","1"
"M4796","Spondylosis, unspecified, lumbar region","11","20","31"
"M4797","Spondylosis, unspecified, lumbosacral region","0","1","1"
"M4799","Spondylosis, unspecified, site unspecified","0","2","2"
"M4800","Spinal stenosis, multiple sites in spine","1","0","1"
"M4802","Spinal stenosis, cervical region","16","14","30"
"M4804","Spinal stenosis, thoracic region","1","0","1"
"M4806","Spinal stenosis, lumbar region","225","73","298"
"M4807","Spinal stenosis, lumbosacral region","2","0","2"
"M4809","Spinal stenosis, site unspecified","16","2","18"
"M4854","Collapsed vertebra, NEC, thoracic region","0","2","2"
"M4856","Collapsed vertebra, NEC, lumbar region","2","7","9"
"M4859","Collapsed vertebra, NEC, site unspecified","0","9","9"
"M4887","Other specified spondylopathies, lumbosacral region","0","1","1"
"M4889","Other specified spondylopathies, site unspecified","3","1","4"
"M4925","Enterobacterial spondylitis(A01-A04†), thoracolumbar region","0","1","1"
"M500","Cervical disc disorder with myelopathy(G992*)","2","0","2"
"M501","Cervical disc disorder with radiculopathy","13","4","17"
"M502","Other cervical disc displacement","3","1","4"
"M508","Other cervical disc disorders","0","2","2"
"M511","Lumbar and other intervertebral disc disorders with radiculopathy(G551*)","12","2","14"
"M512","Other specified intervertebral disc displacement","46","27","73"
"M5419","Radiculopathy, site unspecified","0","1","1"
"M5429","Cervicalgia, site unspecified","0","1","1"
"M5450","Low back pain, multiple sites in spine","3","0","3"
"M5455","Low back pain, thoracolumbar region","1","0","1"
"M5456","Low back pain, lumbar region","1","0","1"
"M5459","Low back pain, site unspecified","10","11","21"
"M6099","Myositis, unspecified, site unspecified","1","0","1"
"M6266","Muscle strain, lower leg","2","0","2"
"M6269","Muscle strain, site unspecified","0","2","2"
"M6289","Other specified disorders of muscle, site unspecified","2","2","4"
"M6534","Trigger finger, hand","1","0","1"
"M6539","Trigger finger, site unspecified","2","2","4"
"M6729","Synovial hypertrophy, NEC, site unspecified","0","1","1"
"M6739","Transient synovitis, site unspecified","0","1","1"
"M6749","Ganglion, site unspecified","1","2","3"
"M702","Olecranon bursitis","1","0","1"
"M703","Other bursitis of elbow","1","0","1"
"M7119","Other infective bursitis, site unspecified","2","0","2"
"M7157","Other bursitis, NEC, ankle and foot","6","0","6"
"M7158","Other bursitis, NEC, other","0","1","1"
"M720","Palmar fascial fibromatosis(Dupuytren)","2","1","3"
"M7269","Necrotising fasciitis, site unspecified","1","0","1"
"M750","Adhesive capsulitis of shoulder","8","4","12"
"M751","Rotator cuff syndrome","63","38","101"
"M753","Calcific tendinitis of shoulder","1","2","3"
"M754","Impingement syndrome of shoulder","1","0","1"
"M758","Other shoulder lesions","3","0","3"
"M7687","Other enthesopathies of lower limb, excluding foot, ankle and foot","0","2","2"
"M7689","Other enthesopathies of lower limb, excluding foot, site unspecified","1","0","1"
"M771","Lateral epicondylitis","2","0","2"
"M79108","Other myalgia, multiple sites","1","0","1"
"M79198","Other myalgia, site unspecified","1","0","1"
"M7929","Neuralgia and neuritis, unspecified, site unspecified","1","0","1"
"M8000","Postmenopausal osteoporosis with pathological fracture, multiple sites","0","1","1"
"M8009","Postmenopausal osteoporosis with pathological fracture, site unspecified","0","2","2"
"M8609","Acute haematogenous osteomyelitis, site unspecified","0","2","2"
"M8649","Chronic osteomyelitis with draining sinus, site unspecified","1","0","1"
"M8697","Osteomyelitis, unspecified, ankle and foot","3","0","3"
"M8699","Osteomyelitis, unspecified, site unspecified","1","4","5"
"M8785","Other osteonecrosis, pelvic region and thigh","7","0","7"
"M8789","Other osteonecrosis, site unspecified","2","0","2"
"M8795","Osteonecrosis, unspecified, pelvic region and thigh","1","0","1"
"M8909","Complex regional pain syndrome type I, site unspecified","3","3","6"
"M8959","Osteolysis, site unspecified","1","0","1"
"M927","Juvenile osteochondrosis of metatarsus","1","0","1"
"M939","Osteochondropathy, unspecified","2","0","2"
"M961","Postlaminectomy syndrome, NEC","21","7","28"
"M966","Fracture of bone following insertion of orthopaedic implant, joint prosthesis, or bone plate","2","2","4"
"M9932","Osseous stenosis of neural canal, thoracic region","0","1","1"
"M9971","Connective tissue and disc stenosis of intervertebral foramina, cervical region","1","0","1"
"M9973","Connective tissue and disc stenosis of intervertebral foramina, lumbar region","4","1","5"
"N049","Unspecified nephrotic syndrome","0","1","1"
"N052","Unspecified nephritic syndrome with diffuse membranous glomerulonephritis","1","0","1"
"N10","Acute tubulo-interstitial nephritis","17","32","49"
"N12","Tubulo-interstitial nephritis, not specified as acute or chronic","1","0","1"
"N132","Hydronephrosis with renal and ureteral calculous obstruction","0","2","2"
"N1338","Other and unspecified hydronephrosis","0","2","2"
"N139","Obstructive and reflux uropathy, unspecified","1","0","1"
"N151","Renal and perinephric abscess","2","0","2"
"N178","Other acute renal failure","1","1","2"
"N179","Acute renal failure, unspecified","14","16","30"
"N183","Chronic kidney disease, stage 3","5","5","10"
"N184","Chronic kidney disease, stage 4","2","1","3"
"N185","Chronic kidney disease, stage 5","3","2","5"
"N189","Chronic kidney disease, unspecified","33","22","55"
"N19","Unspecified kidney failure","1","1","2"
"N200","Calculus of kidney","2","1","3"
"N201","Calculus of ureter","15","30","45"
"N202","Calculus of kidney with calculus of ureter","0","1","1"
"N209","Urinary calculus, unspecified","0","1","1"
"N210","Calculus in bladder","3","8","11"
"N219","Calculus of lower urinary tract, unspecified","0","1","1"
"N280","Ischaemia and infarction of kidney","1","0","1"
"N281","Cyst of kidney, acquired","2","2","4"
"N2888","Other specified disorders of kidney and ureter","0","1","1"
"N300","Acute cystitis","2","5","7"
"N301","Interstitial cystitis (chronic)","0","1","1"
"N302","Other chronic cystitis","0","2","2"
"N309","Cystitis, unspecified","0","4","4"
"N311","Reflex neuropathic bladder, NEC","1","0","1"
"N318","Other neuromuscular dysfunction of bladder","1","0","1"
"N319","Neuromuscular dysfunction of bladder, unspecified","2","1","3"
"N320","Bladder-neck obstruction","3","0","3"
"N359","Urethral stricture, unspecified","1","0","1"
"N362","Urethral caruncle","0","1","1"
"N390","Urinary tract infection, site not specified","14","30","44"
"N393","Stress incontinence","2","7","9"
"N400","Hyperplasia of prostate without complication","235","170","405"
"N401","Hyperplasia of prostate with urinary tract obstruction","25","15","40"
"N402","Hyperplasia of prostate with hematuria","1","0","1"
"N408","Hyperplasia of prostate with other complication","17","30","47"
"N410","Acute prostatitis","1","1","2"
"N411","Chronic prostatitis","0","1","1"
"N412","Abscess of prostate","3","0","3"
"N4188","Other prostatitis","1","1","2"
"N420","Calculus of prostate","1","0","1"
"N433","Hydrocele, unspecified","2","7","9"
"N4500","Epididymitis with abscess","2","4","6"
"N4590","Epididymitis without abscess","2","2","4"
"N4592","Epididymo-orchitis without abscess","0","1","1"
"N46","Male infertility","0","1","1"
"N4828","Other imflammatory disorder of penis","1","0","1"
"N489","Disorder of penis, unspecified","0","1","1"
"N492","Inflammatory disorders of scrotum","1","0","1"
"N5088","Other specified disorders of male genital organs","1","0","1"
"N62","Hypertrophy of breast","2","0","2"
"N63","Unspecified lump in breast","0","3","3"
"O926","Galactorrhoea","0","1","1"
"Q046","Congenital cerebral cysts","0","1","1"
"Q230","Congenital stenosis of aortic valve","1","0","1"
"Q273","Peripheral arteriovenous malformation","1","0","1"
"Q282","Arteriovenous malformation of cerebral vessels","2","0","2"
"Q831","Accessory breast","0","1","1"
"Q8920","Thyroglossal cyst","1","0","1"
"R001","Bradycardia, unspecified","1","2","3"
"R002","Palpitations","0","2","2"
"R02","Gangrene, NEC","0","1","1"
"R030","Elevated blood-pressure reading, without diagnosis of hypertension","0","1","1"
"R031","Nonspecific low blood-pressure reading","0","1","1"
"R042","Haemoptysis","1","4","5"
"R048","Haemorrhage from other sites in respiratory passages","1","1","2"
"R05","Cough","2","0","2"
"R060","Dyspnoea","1","5","6"
"R074","Chest pain, unspecified","4","2","6"
"R1012","Epigastric pain","0","2","2"
"R1049","Unspecified abdominal pain","6","2","8"
"R112","Vomiting alone","0","3","3"
"R13","Dysphagia","1","1","2"
"R15","Faecal incontinence","1","1","2"
"R17","Unspecified jaundice","0","1","1"
"R18","Ascites","1","0","1"
"R223","Localized swelling, mass and lump, upper limb","0","1","1"
"R224","Localized swelling, mass and lump, lower limb","1","1","2"
"R251","Tremor, unspecified","5","6","11"
"R268","Other and unspecified abnormalities of gait and mobility","0","1","1"
"R270","Ataxia, unspecified","0","1","1"
"R310","Gross hematuria","6","5","11"
"R318","Other and unspecified hematuria","1","3","4"
"R33","Retention of urine","0","1","1"
"R398","Other and unspecified symptoms and signs involving the urinary system","0","1","1"
"R402","Coma, unspecified","1","2","3"
"R410","Disorientation, unspecified","0","1","1"
"R413","Other amnesia","1","0","1"
"R418","Other and unspecified symptoms and signs involving cognitive functions and awareness","7","9","16"
"R42","Dizziness and giddiness","45","63","108"
"R448","Other and unspecified symptoms and signs involving general sensations and perceptions","1","2","3"
"R470","Dysphasia and aphasia","1","0","1"
"R471","Dysarthria and anarthria","0","6","6"
"R502","Drug-induced fever","0","1","1"
"R509","Fever, unspecified","2","20","22"
"R51","Headache","15","68","83"
"R522","Other chronic pain","1","1","2"
"R529","Pain, unspecified","1","0","1"
"R53","Malaise and fatigue","8","8","16"
"R550","Vasovagal syncope","0","3","3"
"R558","Other syncope and collapse","15","13","28"
"R568","Other and unspecified convulsions","5","3","8"
"R572","Septic shock","1","0","1"
"R579","Shock, unspecified","0","1","1"
"R590","Localized enlarged lymph nodes","0","1","1"
"R599","Enlarged lymph nodes, unspecified","1","0","1"
"R600","Localized oedema","0","1","1"
"R601","Generalized oedema","1","0","1"
"R609","Oedema, unspecified","6","0","6"
"R638","Other symptoms and signs concerning food and fluid intake","2","0","2"
"R808","Other isolated proteinuria","2","2","4"
"R92","Abnormal findings on diagnostic imaging of breast","0","1","1"
"S0089","Superficial injury of other parts of head, unspecified injury","0","2","2"
"S010","Open wound of scalp","1","1","2"
"S0148","Open wound of other and multiple sites of cheek and temporomandibular area","0","1","1"
"S018","Open wound of other parts of head","1","0","1"
"S0290","Fracture of skull and facial bones, part unspecified, closed","0","1","1"
"S041","Injury of oculomotor nerve","0","1","1"
"S0600","Concussion, without open intracranial wound","2","8","10"
"S0601","Concussion, with open intracranial wound","0","1","1"
"S0620","Diffuse brain injury, without open intracranial wound","1","0","1"
"S0640","Epidural haemorrhage, without open intracranial wound","0","1","1"
"S0650","Traumatic subdural haemorrhage, without open intracranial wound","16","16","32"
"S0651","Traumatic subdural haemorrhage, with open intracranial wound","9","13","22"
"S0660","Traumatic subarachnoid haemorrhage, without open intracranial wound","2","0","2"
"S0661","Traumatic subarachnoid haemorrhage, with open intracranial wound","1","0","1"
"S0680","Other intracranial injuries, without open intracranial wound","1","1","2"
"S0681","Other intracranial injuries, with open intracranial wound","1","0","1"
"S099","Unspecified injury of head","0","1","1"
"S134","Sprain and strain of cervical spine","0","9","9"
"S141","Other and unspecified injuries of cervical spinal cord","1","1","2"
"S143","Injury of brachial plexus","1","0","1"
"S146","Injury of other and unspecified nerves of neck","1","1","2"
"S2020","Contusion of front wall of thorax","1","0","1"
"S2021","Contusion of back wall of thorax","2","6","8"
"S22050","Fracture of T7 and T8 level, closed","1","2","3"
"S22060","Fracture of T9 and T10 level, closed","1","3","4"
"S22070","Fracture of T11 and T12 level, closed","0","10","10"
"S22090","Fracture of thoracic vertebra, level unspecified, closed","3","22","25"
"S2220","Fracture of sternum, closed","0","3","3"
"S22320","Fracture of first rib, closed","1","7","8"
"S22321","Fracture of first rib, open","6","1","7"
"S22330","Fracture of rib, other than first rib, closed","3","2","5"
"S22430","Multiple fracture of involving two ribs, closed","2","3","5"
"S22440","Multiple fracture of involving three ribs, closed","1","0","1"
"S22450","Multiple fracture of involving four or more ribs, closed","4","1","5"
"S22490","Multiple fracture of unspecified ribs, closed","6","2","8"
"S233","Sprain and strain of thoracic spine","0","1","1"
"S2340","Sprain and strain of ribs","0","1","1"
"S301","Contusion of abdominal wall","0","1","1"
"S315","Open wound of other and unspecified external genital organs","1","0","1"
"S32020","Fracture of L1 level, closed","3","7","10"
"S32030","Fracture of L2 level, closed","2","4","6"
"S32040","Fracture of L3 level, closed","0","3","3"
"S32050","Fracture of L4 level, closed","0","3","3"
"S32090","Fracture of lumbar vertebra, level unspecified, closed","17","44","61"
"S3210","Fracture of sacrum, closed","0","4","4"
"S3240","Fracture of acetabulum, closed","1","2","3"
"S32880","Other pelvic fracture, closed","0","1","1"
"S32891","Fracture of pelvis, part unspecified, open","0","1","1"
"S3350","Sprain and strain of lumbar spine","5","17","22"
"S337","Sprain and strain of other and unspecified parts of lumbar spine and pelvis","0","1","1"
"S348","Injury of other and unspecified nerves at abdomen, lower back and pelvis level","2","0","2"
"S37008","Injury of kidney without open wound into cavity, traumatic tear","0","1","1"
"S400","Contusion of shoulder and upper arm","1","1","2"
"S42030","Fracture of sternal end of clavicle, closed","0","1","1"
"S42040","Fracture of shaft of clavicle, closed","1","3","4"
"S42050","Fracture of aeromial end of clavicle, closed","1","1","2"
"S42090","Fracture of clavicle, part unspecified, closed","2","4","6"
"S42230","Fracture of surgical neck of humerus, closed","1","2","3"
"S42290","Fracture of upper end of humerus, part unspecified, closed","1","3","4"
"S42420","Supracondylar fracture of humerus, closed","1","2","3"
"S42460","T-shape fracure of distal humerus, closed","0","2","2"
"S4309","Dislocation of shoulder, unspecified","0","1","1"
"S431","Dislocation of acromioclavicular joint","1","1","2"
"S434","Sprain and strain of shoulder joint","1","1","2"
"S4600","Injury of muscle(s) and tendon(s) of the rotator cuff of shoulder, laceration","2","1","3"
"S4608","Injury of muscle(s) and tendon(s) of the rotator cuff of shoulder, other and unspecified injury","3","0","3"
"S4630","Injury of muscle and tendon of triceps, laceration","1","0","1"
"S518","Open wound of other parts of forearm","2","0","2"
"S52020","Fracture of olecranon process of ulna, closed","0","1","1"
"S52120","Fracture of head of radius, closed","1","2","3"
"S52130","Fracture of neck of radius, closed","0","1","1"
"S52290","Fracture of shaft of ulna, part unspecified, closed","1","1","2"
"S52291","Fracture of shaft of ulna, part unspecified, open","0","1","1"
"S52520","Fracture of lower end of radius with dorsal angulation, closed","5","18","23"
"S52580","Other and multiple fracture of lower end of radius, closed","2","7","9"
"S602","Contusion of other parts of wrist and hand","1","0","1"
"S610","Open wound of finger(s) without damage to nail","0","1","1"
"S619","Open wound of wrist and hand part, part unspecified","1","0","1"
"S6200","Fracture of navicular [scaphoid] bone of hand, close","0","1","1"
"S62330","Fracture of shaft, close","1","1","2"
"S62350","Fracture of head, close","2","0","2"
"S62531","Fracture of distal phalanx of thumb, open","0","2","2"
"S62620","Fracture of proximal phalanx, close","0","1","1"
"S62640","Fracture of distal phalanx, close","0","1","1"
"S6270","Multiple fracture of fingers, close","1","0","1"
"S6502","Injury of ulnar artery at wrist and hand level, laceration","1","0","1"
"S6618","Injury of flexor muscle and tendon of other finger at wrist and hand level, other and unspecified injury","0","1","1"
"S6630","Injury of extensor muscle and tendon of other finger at wrist and hand level, laceration","0","1","1"
"S6638","Injury of extensor muscle and tendon of other finger at wrist and hand level, other and unspecified injury","1","1","2"
"S68106","Traumatic transphalangeal amputation of right little finge","0","1","1"
"S682","Traumatic amputation of two or more fingers alone (complete)(partial)","3","0","3"
"S697","Multiple injuries of wrist and hand","1","0","1"
"S698","Other specified injuries of wrist and hand","0","1","1"
"S700","Contusion of hip","1","0","1"
"S701","Contusion of thigh","1","0","1"
"S718","Open wound of other and unspecified parts of pelvic girdle","0","1","1"
"S72040","Fracture of subcapital section of femur, closed","1","5","6"
"S72060","Fracture of base of neck of femur, closed","0","4","4"
"S72080","Fracture of other parts of neck of femur, closed","6","11","17"
"S72090","Fracture of neck of femur, part unspecified, closed","4","11","15"
"S72120","Fracture of interochanteric dection of femur, closed","7","25","32"
"S72190","Fracture of trochanteric section of femur, unspecified, closed","0","1","1"
"S7220","Subtrochanteric fracture of femur, closed","0","4","4"
"S7230","Fracture of shaft of femur, closed","0","1","1"
"S72440","Supracondylar fracture of femur, closed","0","1","1"
"S72450","Intercondyle fracture of femur, closed","1","0","1"
"S72490","Fracture of lower end of femur, part unspecified, closed","1","1","2"
"S7290","Fracture of femur,part unspecified, closed","1","1","2"
"S7319","Sprain and strain of unspecified site of hip","0","3","3"
"S7610","Injury of quadriceps muscle and tendon, laceration","1","0","1"
"S7640","Injury of other and unspecified muscles and tendons at thigh level, laceration","0","1","1"
"S7648","Injury of other and unspecified muscles and tendons at thigh level, other and unspecified injury","1","0","1"
"S800","Contusion of knee","1","0","1"
"S801","Contusion of other and unspecified parts of lower leg","0","1","1"
"S8200","Fracture of patella, closed","2","5","7"
"S82120","Fracture of upper end of tibia with fracture of fibula(any part), closed","0","1","1"
"S82180","Other fracture of upper end of tibia, closed","3","0","3"
"S82280","Other fracture of shaft of tibia, closed","1","3","4"
"S82320","Fracture of lower end of tibia with fracture of fibula(any part), closed","2","0","2"
"S82321","Fracture of lower end of tibia with fracture of fibula(any part), open","0","1","1"
"S82380","Other fracture of lower end of tibia, closed","1","1","2"
"S82490","Fracture of fibula, part unspecified, closed","4","7","11"
"S8250","Fracture of medial malleolus, closed","0","2","2"
"S8260","Fracture of lateral malleolus, closed","3","1","4"
"S82820","Bimalleolar fracture, ankle, closed","0","5","5"
"S82830","Trimalleolar fracture, ankle, closed","0","2","2"
"S8320","Tear of medial meniscus","3","3","6"
"S8321","Tear of lateral meniscus","3","3","6"
"S8329","Tear of meniscus, unspecified","1","0","1"
"S8341","Sprain and strain of medial collateral ligament","0","1","1"
"S8353","Rupture of posterior cruciate ligament","2","0","2"
"S836","Sprain and strain of other and unspecified parts of knee","0","3","3"
"S837","Injury to multiple structures of knee","3","2","5"
"S8698","Injury of unspecified muscles and tendons at lower leg level, other and unspecified injury","0","1","1"
"S899","Unspecified injury of lower leg","0","1","1"
"S901","Contusion of toe(s) without damage to nail","1","0","1"
"S912","Open wound of toe(s) with damage to nail","0","1","1"
"S9200","Fracture of calcaneus, closed","11","4","15"
"S92280","Fracture of other part of tarsal bone, closed","0","1","1"
"S9230","Fracture of metatarsal bone, closed","2","2","4"
"S9240","Fracture of great toe, closed","0","2","2"
"S9250","Fracture of other toe, closed","2","0","2"
"S9290","Fracture of foot, unspecified, closed","0","1","1"
"S932","Rupture of ligaments at ankle and foot level","0","4","4"
"S9338","Dislocation of other part of foot","0","2","2"
"S9342","Sprain and strain of tibiofibular (ligament)","0","2","2"
"S9349","Sprain and strain of ankle, part unspecified","3","3","6"
"S936","Sprain and strain of other and unspecified parts of foot","0","1","1"
"S9698","Injury of unspecified muscle tendon at ankle and foot level, other and unspecified injury","1","0","1"
"T009","Multiple superficial injuries, unspecified","4","5","9"
"T07","Unspecified multiple injuries","1","0","1"
"T080","Fracture of spine, level unspecified, closed","1","0","1"
"T093","Injury of spinal cord, level unspecified","3","0","3"
"T094","Injury of unspecified nerve, spinal nerve root and plexus of trunk","0","1","1"
"T130","Superficial injury of lower limb, level unspecified","0","1","1"
"T135","Injury of unspecified muscle and tendon of lower limb, level unspecified","1","0","1"
"T140","Superficial injury of unspecified body region","1","2","3"
"T141","Open wound of unspecified body region","1","4","5"
"T1421","Fracture of unspecified body region, open","1","0","1"
"T143","Dislocation, sprain and strain of unspecified body region","0","3","3"
"T181","Foreign body in oesophagus","1","0","1"
"T189","Foreign body in alimentary tract, part unspecified","2","0","2"
"T198","Foreign body in other and multiple parts of genitourinary tract","1","0","1"
"T212","Burn of second degree of trunk","1","0","1"
"T2339","Burn of third degree of wrist and hand, unspecified site","0","1","1"
"T2429","Burn of second degree of hip and lower limb, except ankle and foot, unspecified site","0","1","1"
"T252","Burn of second degree of ankle and foot","3","0","3"
"T256","Corrosion of second degree of ankle and foot","1","0","1"
"T273","Burn of respiratory tract, part unspecified","0","1","1"
"T300","Burn of unspecified body region, unspecified degree","1","1","2"
"T427","Poisoning by antiepileptic and sedative-hypnotis drugs, unspecified","1","0","1"
"T6031","Toxic effects of other herbicides","1","0","1"
"T622","Toxic effects of other ingested (parts of) plant(s)","0","2","2"
"T634","Toxic effects of venom of other arthropods","1","0","1"
"T659","Toxic effect of unspecified substance","0","2","2"
"T782","Anaphylactic-shock, unspecified","1","0","1"
"T793","Post-traumatic wound infection, NEC","2","3","5"
"T810","Haemorrhage and haematoma complicating a procedure, NEC","1","1","2"
"T814","Infection following a procedure, NEC","9","2","11"
"T840","Mechanical complication of internal joint prosthesis","4","2","6"
"T844","Mechanical complication of other internal orthopaedic devices, implants and grafts","1","0","1"
"T845","Infection and inflammatory reaction due to internal joint prosthesis","6","2","8"
"T849","Unspecified complication of internal orthopaedic prosthetic devices, implants and grafts","1","0","1"
"T859","Unspecified complication of internal prosthetic device, implant and graft","1","0","1"
"T873","Neuroma of amputation stump","1","0","1"
"T876","Other and unspecified complications of amputation stump","1","0","1"
"T931","Sequelae of fracture of femur","1","0","1"
"U8280","Resistance to carbapenem","1","1","2"
"W459","Foreign body or object entering through skin, unspecified place","1","0","1"
"Z491","Extracorporeal dialysis","65","18","83"
"Z889","Personal history of allergy to unspecified drugs, medicaments and biological substances","0","1","1"
"Z950","Presence of electric cardiac devices","0","1","1"
"Z952","Presence of prosthetic heart valve","4","0","4"
"Z954","Presence of other heart-valve replacement","2","0","2"
"Z9663","Presence of hip joint implants","1","0","1"
