상병코드,상병명,국비,사비,계
A047,클로스트리듐 디피실리에 의한 장결장염,2,0,2
A099,상세불명 기원의 위장염 및 결장염,30,17,47
A1500,배양 유무에 관계없이 가래 현미경 검사로 확인된 공동이 있는 폐결핵,1,1,2
A1501,"배양 유무에 관계없이 가래 현미경 검사로 확인된 폐결핵, 공동이 없거나 상세불명의",0,1,1
A1511,배양만으로 확인된 공동이 없거나 상세불명의 폐결핵,2,0,2
A1530,상세불명의 수단으로 확인된 공동이 있는 폐결핵,1,0,1
A1531,상세불명의 수단으로 확인된 공동이 없거나 상세불명의 폐결핵,1,1,2
A1600,세균학적 및 조직학적으로 음성인 공동이 있는 폐결핵,1,2,3
A1620,세균학적 또는 조직학적 확인에 대한 언급이 없는 공동이 있는 폐결핵,0,1,1
A318,기타 마이코박테리아감염,1,0,1
A418,기타 명시된 패혈증,4,0,4
A419,상세불명의 패혈증,3,1,4
A753,리케차 쯔쯔가무시에 의한 발진티푸스,3,1,4
A799,상세불명의 리케차병,1,0,1
B001,헤르페스바이러스 소수포피부염,1,0,1
B022,기타 신경계통 침범을 동반한 대상포진,0,1,1
B029,합병증이 없는 대상포진,5,1,6
B1810,"델타-병원체가 없는 만성 바이러스B형간염, 면역관용기",4,0,4
B1819,"델타-병원체가 없는 만성 바이러스B형간염, 기타 및 상세불명의 기간",0,1,1
B182,만성 바이러스C형간염,3,5,8
B259,상세불명의 거대세포바이러스병,0,1,1
B351,손발톱백선,1,0,1
B353,발백선,1,0,1
C07,귀밑샘의 악성 신생물,0,1,1
C119,상세불명의 비인두의 악성 신생물,1,0,1
C139,상세불명의 하인두의 악성 신생물,0,1,1
C140,상세불명의 인두의 악성 신생물,0,1,1
C159,상세불명의 식도의 악성 신생물,7,3,10
C1600,"분문의 악성 신생물, 조기",1,0,1
C1609,"분문의 악성 신생물, 상세불명",4,6,10
C1619,"위의 저부의 악성 신생물, 상세불명",1,0,1
C1629,"위의 체부의 악성 신생물, 상세불명",12,6,18
C1639,"유문동의 악성 신생물, 상세불명",3,0,3
C1650,"상세불명의 위의 소만부의 악성 신생물, 조기",2,0,2
C1699,"상세불명의 위의 악성 신생물, 상세불명",32,17,49
C170,십이지장의 악성 신생물,1,2,3
C179,상세불명의 소장의 악성 신생물,0,1,1
C180,맹장의 악성 신생물,3,1,4
C182,상행결장의 악성 신생물,12,1,13
C183,간굴곡의 악성 신생물,1,1,2
C184,횡행결장의 악성 신생물,1,0,1
C186,하행결장의 악성 신생물,5,1,6
C187,구불결장의 악성 신생물,3,7,10
C189,상세불명의 결장의 악성 신생물,21,5,26
C19,직장구불결장접합부의 악성 신생물,15,4,19
C20,직장의 악성 신생물,21,13,34
C220,간세포암종의 악성 신생물,31,11,42
C221,간내담관암종의 악성 신생물,9,4,13
C224,기타 간의 육종의 악성 신생물,0,1,1
C229,상세불명의 간의 악성 신생물,1,3,4
C23,담낭의 악성 신생물,2,9,11
C240,간외담관의 악성 신생물,7,4,11
C241,파터팽대의 악성 신생물,2,1,3
C249,상세불명의 담도의 악성 신생물,2,1,3
C250,췌장의 두부의 악성 신생물,1,6,7
C252,췌장의 꼬리의 악성 신생물,1,3,4
C253,췌관의 악성 신생물,1,1,2
C257,췌장의 기타 부분의 악성 신생물,1,0,1
C259,상세불명의 췌장의 악성 신생물,2,11,13
C321,성문상의 악성 신생물,1,0,1
C323,후두연골의 악성 신생물,1,0,1
C3409,"주기관지의 악성 신생물, 상세불명 쪽",0,1,1
C3410,"상엽, 기관지 또는 폐의 악성 신생물, 오른쪽",2,1,3
C3411,"상엽, 기관지 또는 폐의 악성 신생물, 왼쪽",4,0,4
C3419,"상엽, 기관지 또는 폐의 악성 신생물, 상세불명 쪽",1,2,3
C342,"중엽, 기관지 또는 폐의 악성 신생물",1,1,2
C3490,"상세불명의 기관지 또는 폐의 악성 신생물, 오른쪽",1,0,1
C3499,"상세불명의 기관지 또는 폐의 악성 신생물, 상세불명 쪽",27,30,57
C382,후종격의 악성 신생물,1,0,1
C414,"골반골, 천골(薦骨) 및 미추의 악성 신생물",0,1,1
C499,상세불명의 결합조직 및 연조직의 악성 신생물,1,0,1
C5090,"상세불명의 유방의 악성 신생물, 오른쪽 ",1,0,1
C5091,"상세불명의 유방의 악성 신생물, 왼쪽 ",0,2,2
C5099,"상세불명의 유방의 악성 신생물, 상세불명 쪽 ",0,1,1
C539,상세불명의 자궁경부의 악성 신생물,0,2,2
C541,자궁내막의 악성 신생물,0,1,1
C569,"난소의 악성 신생물, 상세불명 쪽",0,4,4
C61,전립선의 악성 신생물,49,22,71
C649,"신우를 제외한 신장의 악성 신생물, 상세불명 쪽",8,1,9
C650,"신우의 악성 신생물, 오른쪽",0,1,1
C659,"신우의 악성 신생물, 상세불명 쪽",0,1,1
C660,"요관의 악성 신생물, 오른쪽",1,0,1
C671,방광의 둥근천장부의 악성 신생물,1,0,1
C672,방광의 측벽의 악성 신생물,2,0,2
C679,상세불명의 방광의 악성 신생물,13,5,18
C719,상세불명의 뇌의 악성 신생물,1,2,3
C73,갑상선의 악성 신생물,0,1,1
C772,복강내림프절의 이차성 및 상세불명의 악성신생물,1,0,1
C783,기타 및 상세불명의 호흡기관의 이차성 악성 신생물,1,0,1
C787,간 및 간내 담관의 이차성 악성 신생물,1,0,1
C800,원발부위 미상으로 언급된 악성 신생물,1,0,1
C809,원발부위 상세불명인 악성 신생물,1,0,1
C812,혼합 세포충실성 (고전적) 호지킨림프종,1,0,1
C820,소포성 림프종 등급 I,1,0,1
C859,상세불명의 비호지킨림프종,1,2,3
C900,다발골수종,7,0,7
C921,"만성 골수성 백혈병, BCR/ABL-양성",5,0,5
C927,기타 골수성 백혈병,1,0,1
D039,상세불명의 제자리흑색종,0,1,1
D120,맹장의 양성 신생물,1,0,1
D121,충수의 양성 신생물,1,0,1
D126,상세불명의 결장의 양성 신생물,10,3,13
D128,직장의 양성 신생물 ,1,0,1
D130,식도의 양성 신생물,1,0,1
D131,위의 양성 신생물 ,13,9,22
D135,간외담관의 양성 신생물,1,0,1
D140,"중이, 비강 및 부비동의 양성 신생물",1,0,1
D1430,"기관지 및 폐의 양성 신생물, 오른쪽",1,0,1
D1439,"기관지 및 폐의 양성 신생물, 상세불명 쪽",14,0,14
D144,상세불명의 호흡계통의 양성 신생물 ,4,0,4
D179,상세불명의 양성 지방종성 신생물,4,2,6
D1802,간담도계의 혈관종,1,1,2
D1808,기타 부위의 혈관종,1,1,2
D1809,상세불명 부위의 혈관종,1,0,1
D219,상세불명의 결합조직 및 기타 연조직의 기타 양성 신생물,1,0,1
D231,안각을 포함한 눈꺼풀의 피부의 양성 신생물,0,1,1
D303,방광의 양성 신생물,2,2,4
D320,뇌막의 양성 신생물 ,0,1,1
D329,상세불명의 수막의 양성 신생물 ,0,2,2
D333,뇌신경의 양성 신생물 ,1,0,1
D34,갑상선의 양성 신생물,0,1,1
D350,부신의 양성 신생물 ,6,1,7
D352,뇌하수체의 양성 신생물,6,0,6
D361,말초신경 및 자율신경계통의 양성 신생물,3,0,3
D369,상세불명 부위의 양성 신생물,2,0,2
D371,위의 행동양식 불명 또는 미상의 신생물,1,0,1
D373,충수의 행동양식 불명 또는 미상의 신생물,0,1,1
D374,결장의 행동양식 불명 또는 미상의 신생물,1,0,1
D376,"간, 담낭 및 담관의 행동양식 불명 또는 미상의 신생물",5,0,5
D377,기타 소화기관의 행동양식 불명 또는 미상의 신생물,3,0,3
D379,상세불명의 소화기관의 행동양식 불명 또는 미상의 신생물,1,0,1
D380,후두의 행동양식 불명 또는 미상의 신생물,0,1,1
D381,"기관, 기관지 및 폐의 행동양식 불명 또는 미상의 신생물",1,1,2
D414,방광의 행동양식 불명 또는 미상의 신생물 ,10,0,10
D434,척수의 행동양식 불명 또는 미상의 신생물,1,0,1
D45,진성 적혈구증가증,2,3,5
D469,상세불명의 골수형성이상증후군,2,0,2
D473,본태성(출혈성) 혈소판혈증,4,1,5
D479,"림프, 조혈 및 관련 조직의 행동양식 불명 또는 미상의 상세불명 신생물",1,0,1
D481,결합조직 및 기타 연조직의 행동양식 불명 또는 미상의 신생물,7,0,7
D508,기타 철결핍빈혈,7,0,7
D510,내인인자 결핍에 의한 비타민B12결핍빈혈,0,1,1
D613,특발성 무형성빈혈,1,0,1
D619,상세불명의 무형성빈혈,1,0,1
D649,상세불명의 빈혈,16,8,24
D688,기타 명시된 응고결함,1,0,1
D696,상세불명의 혈소판감소증,1,0,1
D728,기타 명시된 백혈구의 장애,1,0,1
E039,상세불명의 갑상선기능저하증,6,0,6
E041,비독성 단순갑상선 결절,0,1,1
E1031,당뇨병성 비증식성 망막병증을 동반한 1형 당뇨병(H36.0*),1,0,1
E1040,당뇨병성 단일신경병증을 동반한 1형 당뇨병,1,0,1
E1078,기타 다발성 합병증을 동반한 1형 당뇨병,0,4,4
E108,상세불명의 합병증을 동반한 1형 당뇨병,2,0,2
E1100,고삼투압과 혼수를 동반한 2형 당뇨병,4,0,4
E1120,초기 당뇨병성 신장병증을 동반한 2형 당뇨병(N08.3*),2,0,2
E1121,확정된 당뇨병성 신장병증을 동반한 2형 당뇨병(N08.3*),2,0,2
E1128,기타 및 상세불명의 신장합병증을 동반한 2형 당뇨병(N08.3*),4,0,4
E1131,당뇨병성 비증식성 망막병증을 동반한 2형 당뇨병(H36.0*),1,0,1
E1141,당뇨병성 다발신경병증을 동반한 2형 당뇨병(G63.2*),7,0,7
E1148,기타 및 상세불명의 신경학적 합병증을 동반한 2형 당뇨병,7,0,7
E1150,"당뇨병성 말초혈관병증을 동반한, 괴저를 동반하지 않는 2형 당뇨병(I79.2*)",2,0,2
E1158,기타 및 상세불명의 말초순환계 합병증을 동반한 2형 당뇨병,4,1,5
E1168,달리 분류되지 않은 기타 명시된 합병증을 동반한 2형 당뇨병,2,0,2
E1171,당뇨병성 족부궤양 및 괴저를 동반한 2형 당뇨병,2,0,2
E1178,기타 다발성 합병증을 동반한 2형 당뇨병,1,0,1
E118,상세불명의 합병증을 동반한 2형 당뇨병,38,3,41
E119,합병증을 동반하지 않은 2형 당뇨병,51,11,62
E1370,당뇨병성 족부궤양을 동반한 기타 명시된 당뇨병,1,0,1
E1372,기타 및 상세불명의 당뇨병성 족부합병증을 동반한 기타 명시된 당뇨병,2,0,2
E1408,기타 및 상세불명의 혼수를 동반한 상세불명의 당뇨병,4,0,4
E1448,기타 및 상세불명의 신경학적 합병증을 동반한 상세불명의 당뇨병,3,0,3
E1458,기타 및 상세불명의 말초순환계 합병증을 동반한 상세불명의 당뇨병,2,1,3
E1471,당뇨병성 족부궤양 및 괴저를 동반한 상세불명의 당뇨병,11,1,12
E148,상세불명의 합병증을 동반한 상세불명의 당뇨병,11,1,12
E149,합병증을 동반하지 않은 상세불명의 당뇨병,1,1,2
E222,부적절항이뇨호르몬분비증후군,1,0,1
E242,약물유발 쿠싱증후군,0,3,3
E780,순수 고콜레스테롤혈증,6,0,6
E781,순수 고글리세라이드혈증,1,0,1
E782,혼합성 고지질혈증,4,0,4
E784,기타 고지질혈증,9,0,9
E785,상세불명의 고지질혈증,11,4,15
E835,칼슘대사장애,1,0,1
E870,고오스몰랄농도 및 고나트륨혈증,0,1,1
E871,저오스몰랄농도 및 저나트륨혈증,17,5,22
E875,고칼륨혈증,2,2,4
F000,조기발병 알츠하이머병에서의 치매(G30.0†),1,0,1
F001,만기발병 알츠하이머병에서의 치매(G30.1†),1,0,1
F009,상세불명의 알츠하이머병에서의 치매(G30.9†),4,2,6
F011,다발-경색치매,1,0,1
F013,혼합형 피질 및 피질하 혈관성 치매,1,0,1
F03,상세불명의 치매,1,0,1
F102,알코올의 의존증후군,1,0,1
F328,기타 우울에피소드,1,0,1
F329,상세불명의 우울에피소드,7,0,7
F339,상세불명의 재발성 우울장애,1,0,1
F489,상세불명의 신경증성 장애,1,0,1
F510,비기질성 불면증,10,0,10
G060,두개내 농양 및 육아종,0,3,3
G1221,산발형 근위축측삭경화증,2,0,2
G20,파킨슨병,5,1,6
G231,진행성 핵상안근마비 [스틸-리차드슨-올스제위스키],1,0,1
G250,본태성 떨림,2,0,2
G258,기타 명시된 추체외로 및 운동 장애,3,0,3
G319,신경계통의 상세불명 퇴행성 질환,12,4,16
G4001,난치성 뇌전증을 동반한 국소발병의 발작을 동반한 국소화-관련 (초점성)(부분적) 특발성 뇌전증 및 뇌전증증후군,2,0,2
G4080,난치성 뇌전증을 동반하지 않은 기타 뇌전증,2,0,2
G4081,난치성 뇌전증을 동반한 기타 뇌전증,3,1,4
G4090,난치성 뇌전증을 동반하지 않은 상세불명의 뇌전증,2,1,3
G4091,난치성 뇌전증을 동반한 상세불명의 뇌전증,0,3,3
G419,상세불명의 뇌전증지속상태,1,0,1
G439,상세불명의 편두통,1,1,2
G442,긴장형두통,0,2,2
G448,기타 명시된 두통증후군,2,1,3
G459,상세불명의 일과성 뇌허혈발작,8,0,8
G470,수면 개시 및 유지 장애[불면증],7,1,8
G500,삼차신경통,1,0,1
G513,간대성 반쪽얼굴연축,1,0,1
G530,대상포진후신경통(B02.2†),1,0,1
G544,달리 분류되지 않은 요천수신경뿌리장애,6,0,6
G560,손목터널증후군,8,2,10
G561,정중신경의 기타 병변,1,0,1
G562,척골신경의 병변,4,0,4
G568,팔의 기타 단일신경병증,10,0,10
G575,발목터널증후군,2,0,2
G589,상세불명의 단일신경병증,17,1,18
G609,상세불명의 유전성 및 특발성 신경병증,3,0,3
G619,상세불명의 염증성 다발신경병증,1,0,1
G629,상세불명의 다발신경병증,4,0,4
G632,당뇨병성 다발신경병증(4단위 및 5단위 숫자 .41에 해당되는 E10-E14†),4,0,4
G810,이완성 편마비,1,0,1
G819,상세불명의 편마비,24,1,25
G822,상세불명의 하반신마비,4,2,6
G825,상세불명의 사지마비,8,0,8
G834,말총증후군,16,0,16
G906,복합부위통증증후군 II형,4,0,4
G907,기타 및 상세불명 유형의 복합부위통증증후군,2,0,2
G912,정상뇌압 수두증,7,0,7
G919,상세불명의 수두증,2,0,2
G952,상세불명의 척수압박,3,0,3
G959,척수의 상세불명 질환,4,0,4
H0202,노년성 안검내반,2,0,2
H0212,노년성 안검외반,1,0,1
H0242,마비성 안검하수,2,0,2
H0248,기타 및 상세불명의 안검하수,0,3,3
H0282,눈꺼풀의 피부이완증,5,3,8
H0411,건성안증후군,4,0,4
H058,안와의 기타 장애,2,0,2
H2500,"노년성 초기백내장, 오른쪽",0,1,1
H2502,"노년성 초기백내장, 양쪽",2,0,2
H2509,"노년성 초기백내장, 상세불명의 부위",1,0,1
H2511,"노년성 핵백내장, 왼쪽",0,1,1
H2512,"노년성 핵백내장, 양쪽",1,0,1
H2519,"노년성 핵백내장, 상세불명 쪽",10,2,12
H2582,"기타 노년백내장, 양쪽",3,0,3
H2589,"기타 노년백내장, 상세불명 쪽",1,0,1
H2590,"상세불명의 노년백내장, 오른쪽",26,4,30
H2591,"상세불명의 노년백내장, 왼쪽",30,8,38
H2592,"상세불명의 노년백내장, 양쪽",9,0,9
H26282,"기타 합병백내장, 양쪽",0,2,2
H2699,"상세불명의 백내장, 상세불명 쪽",1,0,1
H328,달리 분류된 질환에서의 기타 맥락망막장애,3,0,3
H3338,기타 및 상세불명의 망막열공,1,0,1
H360,"당뇨병성 망막병증(4단위 및 5단위 숫자 .30, .31, .32, .33에 해당되는 E10-E14+)",1,0,1
H4019,상세불명의 원발성 개방우각녹내장,0,1,1
H431,유리체출혈,3,3,6
H6611,"만성 이관고실의 화농성 중이염, 양쪽",0,1,1
H6690,"상세불명의 중이염, 한쪽 또는 상세불명",0,1,1
H811,양성 발작성 현기증,5,1,6
H812,전정신경세포염,1,3,4
H814,중추기원의 현기증,5,0,5
H905,상세불명의 감각신경성 청력소실,2,0,2
H9120,"돌발성 특발성 청력소실, 한쪽",2,0,2
H9129,"돌발성 특발성 청력소실, 상세불명 쪽",8,2,10
H931,이명,5,0,5
I050,승모판협착,2,0,2
I059,상세불명의 승모판질환,2,0,2
I082,대동맥판 및 삼첨판의 장애,1,0,1
I101,악성 고혈압,4,3,7
I109,기타 및 상세불명의 원발성 고혈압,45,28,73
I110,(울혈성) 심부전을 동반한 고혈압성 심장병,7,0,7
I119,(울혈성) 심부전이 없는 고혈압성 심장병,1,0,1
I159,상세불명의 이차성 고혈압,2,0,2
I200,불안정협심증,15,4,19
I201,연축의 기재가 있는 협심증,28,10,38
I2080,비정형협심증,8,3,11
I2088,기타 형태의 협심증,82,19,101
I209,상세불명의 협심증,457,141,598
I219,상세불명의 급성 심근경색증,14,5,19
I240,심근경색증을 유발하지 않은 관상동맥혈전증,1,0,1
I252,오래된 심근경색증,2,0,2
I253,심장의 동맥류,1,0,1
I269,급성 폐심장증에 대한 언급이 없는 폐색전증,6,6,12
I279,상세불명의 폐성 심장병,1,0,1
I309,상세불명의 급성 심장막염,1,1,2
I313,심낭삼출액(비염증성),3,0,3
I319,심장막의 상세불명의 질환,1,0,1
I350,대동맥판협착,3,4,7
I420,확장성 심근병증,3,0,3
I421,폐색성 비대성 심근병증,0,1,1
I4220,비폐색성 비대성 심근병증,1,0,1
I4228,기타 비대성 심근병증,1,0,1
I426,알코올성 심근병증,1,0,1
I440,"방실차단, 1도",1,0,1
I442,완전방실차단,9,5,14
I460,인공소생에 성공한 심장정지,4,0,4
I469,상세불명의 심장정지,0,1,1
I471,상심실성 빈맥,2,1,3
I472,심실성 빈맥 ,3,0,3
I480,발작성 심방세동,29,9,38
I481,지속성 심방세동,5,2,7
I4890,상세불명의 심장세동,7,1,8
I4891,상세불명의 심장조동,0,1,1
I493,심실조기탈분극,2,0,2
I495,동기능부전증후군,1,2,3
I499,상세불명의 심장부정맥,2,2,4
I5004,수축기능부전을 동반한 울혈성 심부전,6,0,6
I5005,수축기능이 정상인 울혈성 심부전,4,0,4
I5008,기타 및 상세불명의 울혈성 심부전,108,56,164
I501,좌심실부전,5,1,6
I509,상세불명의 심부전,7,1,8
I602,전교통동맥에서 기원한 거미막하출혈,1,0,1
I609,상세불명의 거미막하출혈,1,2,3
I610,대뇌반구 피질하의 뇌내출혈,2,1,3
I615,뇌실내 뇌내출혈,1,1,2
I619,상세불명의 뇌내출혈,14,5,19
I629,상세불명의 두개내출혈(비외상성),3,0,3
I6349,상세불명의 대뇌동맥의 색전증에 의한 뇌경색증,0,2,2
I6351,전대뇌동맥의 상세불명 폐쇄 또는 협착에 의한 뇌경색증,1,0,1
I6352,후대뇌동맥의 상세불명 폐쇄 또는 협착에 의한 뇌경색증,0,1,1
I6358,기타 대뇌동맥의 상세불명 폐쇄 또는 협착에 의한 뇌경색증,1,0,1
I6359,상세불명의 대뇌동맥의 상세불명 폐쇄 또는 협착에 의한 뇌경색증,2,0,2
I636,대뇌정맥 혈전증에 의한 비화농성 뇌경색증,1,0,1
I638,기타 뇌경색증,70,12,82
I639,상세불명의 뇌경색증,36,10,46
I650,척추동맥의 폐쇄 및 협착,1,0,1
I652,경동맥의 폐쇄 및 협착,11,0,11
I660,중대뇌동맥의 폐쇄 및 협착,4,0,4
I668,기타 대뇌동맥의 폐쇄 및 협착,1,0,1
I670,파열되지 않은 대뇌동맥의 박리,4,0,4
I671,파열되지 않은 대뇌동맥류,8,3,11
I678,기타 명시된 뇌혈관질환,4,4,8
I679,상세불명의 뇌혈관질환,2,0,2
I691,뇌내출혈의 후유증,11,0,11
I693,뇌경색증의 후유증,21,7,28
I7010,괴저를 동반하지 않은 신장동맥의 죽상경화증,2,0,2
I7022,간헐성 파행을 동반한 사지동맥의 죽상경화증,1,0,1
I7029,사지동맥의 상세불명 죽상경화증,2,1,3
I70830,괴저를 동반하지 않은 쇄골하동맥의 죽상경화증,3,0,3
I70920,괴저를 동반하지 않은 전신죽상경화증,6,0,6
I719,파열에 대한 언급이 없는 상세불명 부위의 대동맥동맥류,7,3,10
I7241,무릎위 동맥류 및 박리,1,0,1
I731,폐색혈전혈관염[버거병],2,0,2
I738,기타 명시된 말초혈관질환,8,2,10
I739,상세불명의 말초혈관병,53,8,61
I745,장골동맥의 색전증 및 혈전증,0,1,1
I771,동맥의 협착,0,2,2
I776,상세불명의 동맥염,0,1,1
I7782,하지를 침범한 말초동맥폐쇄질환,9,4,13
I788,기타 모세혈관질환,1,0,1
I802,하지의 기타 심부혈관의 정맥염 및 혈전정맥염,3,2,5
I839,궤양 또는 염증이 없는 하지의 정맥류,5,5,10
I868,기타 명시된 부위의 정맥류,6,2,8
I890,달리 분류되지 않은 림프부종,2,0,2
I950,특발성 저혈압,1,0,1
I951,기립성 저혈압,5,0,5
I958,기타 저혈압,2,0,2
I959,상세불명의 저혈압,4,0,4
I99,순환계통의 기타 및 상세불명의 장애,1,0,1
J00,급성 비인두염[감기],12,1,13
J029,상세불명의 급성 인두염,1,0,1
J040,급성 후두염,2,0,2
J041,급성 기관염,3,0,3
J0510,폐색을 동반하지 않은 급성 후두개염,0,1,1
J0511,폐색을 동반한 급성 후두개염,1,0,1
J069,상세불명의 급성 상기도감염,1,0,1
J159,상세불명의 세균성 폐렴,1,1,2
J188,상세불명 병원체의 기타 폐렴,1,0,1
J189,상세불명의 폐렴,96,31,127
J209,상세불명의 급성 기관지염,2,1,3
J304,상세불명의 알레르기비염,14,7,21
J310,만성 비염,1,0,1
J320,만성 상악동염,0,1,1
J329,상세불명의 만성 부비동염,15,3,18
J330,비강의 폴립,1,1,2
J339,상세불명의 코폴립,10,3,13
J342,편위된 비중격,14,5,19
J343,코선반의 비대,14,4,18
J348,코 및 비동의 기타 명시된 장애,1,0,1
J36,편도주위농양,1,0,1
J40,급성인지 만성인지 명시되지 않은 기관지염,8,1,9
J42,상세불명의 만성 기관지염,0,1,1
J439,상세불명의 폐기종,7,0,7
J4400,"급성 하기도감염을 동반한 만성 폐쇄성 폐질환, 경도",1,0,1
J4489,"기타 명시된 만성 폐쇄성 폐질환, 상세불명",2,0,2
J4490,"상세불명의 만성 폐쇄성 폐질환, 경도",1,0,1
J4491,"상세불명의 만성 폐쇄성 폐질환, 중등도",2,1,3
J4492,"상세불명의 만성 폐쇄성 폐질환, 중증",3,0,3
J4499,"상세불명의 만성 폐쇄성 폐질환, 상세불명",8,8,16
J459,상세불명의 천식,7,3,10
J47,기관지확장증,2,4,6
J698,기타 고체 및 액체에 의한 폐렴,2,0,2
J841,섬유증을 동반한 기타 간질성 폐질환,3,2,5
J849,상세불명의 간질성 폐질환,1,0,1
J852,폐렴을 동반하지 않은 폐의 농양,1,2,3
J90,달리 분류되지 않은 흉막삼출액,9,3,12
J91,달리 분류된 병태에서의 흉막삼출액,1,1,2
J939,상세불명의 기흉,1,0,1
J942,혈흉,2,0,2
J9691,"상세불명의 호흡부전, II형[고탄산성]",1,0,1
J9810,무기폐,1,0,1
J989,상세불명의 호흡장애,1,0,1
K0532,만성 치관주위염,2,0,2
K089,치아 및 지지구조의 상세불명 장애,3,0,3
K210,식도염을 동반한 위-식도역류병,36,10,46
K219,식도염을 동반하지 않은 위-식도역류병,16,0,16
K2210,출혈을 동반하지 않은 식도의 궤양,1,0,1
K226,위-식도열상-출혈증후군,1,1,2
K227,바렛식도,1,1,2
K2501,출혈이 있는 급성 위궤양,1,2,3
K2531,출혈 또는 천공이 없는 급성 위궤양,7,0,7
K2541,출혈이 있는 만성 또는 상세불명 위궤양,1,0,1
K2591,출혈 또는 천공이 없는 급성인지 만성인지 상세불명인 위궤양,5,1,6
K260,출혈이 있는 급성 십이지장궤양,0,1,1
K264,출혈이 있는 만성 또는 상세불명 십이지장궤양,0,1,1
K269,출혈 또는 천공이 없는 급성인지 만성인지 상세불명인 십이지장궤양,4,0,4
K279,출혈 또는 천공이 없는 급성인지 만성인지 상세불명인 상세불명 부위의 소화성 궤양,2,0,2
K291,기타 급성 위염,14,2,16
K293,만성 표재성 위염,2,0,2
K294,만성 위축성 위염,14,3,17
K295,상세불명의 만성 위염,26,8,34
K296,기타 위염,12,0,12
K297,상세불명의 위염,108,21,129
K298,십이지장염,2,0,2
K299,상세불명의 위십이지장염,1,0,1
K30,기능성 소화불량,25,6,31
K317,위 및 십이지장의 폴립,14,5,19
K3188,위 및 십이지장의 기타 명시된 질환,4,2,6
K319,위 및 십이지장의 상세불명 질환,1,0,1
K353,국소복막염을 동반한 급성 충수염,4,4,8
K358,기타 및 상세불명의 급성 충수염,5,7,12
K4020,"재발성으로 명시되어 있지 않은, 폐색 또는 괴저가 없는 양쪽 사타구니탈장",1,1,2
K4090,"재발성으로 명시되어 있지 않은, 폐색 또는 괴저가 없는 한쪽 또는 상세불명의 사타구니탈장",24,18,42
K429,폐색 또는 괴저가 없는 배꼽탈장,3,0,3
K439,폐색 또는 괴저가 없는 기타 및 상세불명의 복벽탈장,0,1,1
K5009,"소장의 크론병, 상세불명",1,0,1
K515,좌측 결장염,0,1,1
K529,상세불명의 비감염성 위장염 및 결장염,7,4,11
K559,장의 상세불명의 혈관장애,7,0,7
K560,마비성 장폐색증,5,0,5
K561,중첩,0,1,1
K565,폐색을 동반한 장유착[띠],1,0,1
K566,기타 및 상세불명의 장폐색,5,3,8
K567,상세불명의 장폐색증,8,1,9
K5730,"출혈을 동반하지 않은 천공 또는 농양이 없는 대장의 게실병, 게실증",1,1,2
K5792,"출혈을 동반하지 않은 천공 또는 농양이 없는 상세불명 부분의 장의 게실병, 게실염",0,1,1
K581,설사 위주의 과민대장증후군 [IBS-D]  ,6,5,11
K583,혼합형 과민대장증후군 [IBS-M] ,3,1,4
K588,기타 및 상세불명 유형의 과민대장 증후군 ,14,4,18
K5900,서행성 변비,4,1,5
K5909,기타 및 상세불명 변비,23,5,28
K591,기능성 설사,0,1,1
K599,상세불명의 기능성 장장애,20,10,30
K602,상세불명의 항문열창,1,0,1
K603,항문루,2,0,2
K604,직장루,1,0,1
K610,항문농양,2,0,2
K612,항문직장농양,1,0,1
K613,좌골직장농양,1,0,1
K620,항문폴립,2,0,2
K628,항문 및 직장의 기타 명시된 질환,1,0,1
K629,항문 및 직장의 상세불명 질환,0,1,1
K6329,상세불명의 장의 누공,1,0,1
K635,결장의 폴립,77,22,99
K638,장의 기타 명시된 질환,2,0,2
K639,장의 상세불명 질환,1,0,1
K641,2도 치핵,4,1,5
K642,3도 치핵,6,2,8
K643,4도 치핵,2,6,8
K649,상세불명의 치핵,1,0,1
K658,기타 복막염,0,2,2
K659,상세불명의 복막염,0,1,1
K7010,복수를 동반하지 않은 알코올성 간염,6,3,9
K7030,복수를 동반하지 않은 알코올성 간경변증,0,1,1
K709,상세불명의 알코올성 간질환,11,5,16
K7200,혼수를 동반하지 않은 급성 및 아급성 간부전,0,1,1
K7201,혼수를 동반한 급성 및 아급성 간부전,1,0,1
K7290,혼수를 동반하지 않은 상세불명의 간부전,3,0,3
K739,상세불명의 만성 간염,15,3,18
K740,간섬유증,2,0,2
K7414,"간경화증, 비대상성",0,1,1
K7464,"간의 기타 및 상세불명의 경변증, 비대상성",0,1,1
K7469,"간의 기타 및 상세불명의 경변증,상세불명",8,3,11
K750,간의 농양,3,0,3
K752,비특이성 반응성 간염,1,0,1
K759,상세불명의 염증성 간질환,1,3,4
K760,달리 분류되지 않은 지방(변화성)간,3,3,6
K769,상세불명의 간질환,7,1,8
K8000,폐색의 언급이 없는 급성 담낭염을 동반한 담낭의 결석,7,3,10
K8001,폐색을 동반한 급성 담낭염을 동반한 담낭의 결석,7,7,14
K8010,폐색의 언급이 없는 기타 담낭염을 동반한 담낭의 결석,13,14,27
K8020,폐색의 언급이 없는 담낭염이 없는 담낭의 결석,5,1,6
K8030,폐색의 언급이 없는 담관염을 동반한 담관 결석,1,2,3
K8031,폐색을 동반한 담관염을 동반한 담관 결석,1,0,1
K8050,폐색의 언급이 없는 담관염 또는 담낭염이 없는 담관결석,4,5,9
K8080,폐색의 언급이 없는 기타 담석증 ,2,0,2
K810,급성 담낭염,4,1,5
K818,기타 담낭염,0,1,1
K819,상세불명의 담낭염,4,1,5
K829,담낭의 상세불명의 질환,1,1,2
K830,담관염,11,2,13
K831,담관의 폐색,1,0,1
K838,담도의 기타 명시된 질환,1,0,1
K839,담도의 상세불명의 질환,1,0,1
K8509,"특발성 급성 췌장염, 상세불명",1,0,1
K8520,"알코올유발 급성 췌장염, 경증",0,2,2
K8580,"기타 급성 췌장염, 경증",1,0,1
K8589,"기타 급성 췌장염, 상세불명",1,0,1
K8590,"상세불명의 급성 췌장염, 경도",3,1,4
K8599,"상세불명의 급성 췌장염, 상세불명",3,3,6
K861,기타 만성 췌장염,1,0,1
K862,췌장의 낭,0,1,1
K869,췌장의 상세불명의 질환,3,0,3
K911,위수술후증후군,2,0,2
K913,수술후 장폐색,1,0,1
K915,담낭절제후 증후군,2,0,2
K920,토혈,4,0,4
K921,흑색변,7,3,10
K922,상세불명의 위장출혈,29,7,36
K928,소화계통의 기타 명시된 질환,0,1,1
L0220,몸통의 피부농양,1,2,3
L0230,둔부의 피부농양,4,0,4
L0240,사지의 피부농양,3,0,3
L0300,손가락의 연조직염,1,0,1
L0310,팔의 연조직염,3,0,3
L0311,다리의 연조직염,13,5,18
L0331,복벽의 연조직염,1,0,1
L0335,둔부의 연조직염,2,0,2
L239,상세불명 원인의 알레르기성 접촉피부염,1,0,1
L270,약물 및 약제에 의한 전신피부발진,1,0,1
L299,상세불명의 가려움,0,3,3
L309,상세불명의 피부염,0,3,3
L600,내향성 손발톱,6,2,8
L608,기타 손발톱장애,1,0,1
L720,표피낭,15,1,16
L84,티눈 및 굳은살,3,1,4
L899,상세불명의 욕창궤양 및 압박부위,0,1,1
L97,달리 분류되지 않은 다리의 궤양,1,0,1
M0097,"상세불명의 화농성 관절염, 발목 및 발",0,1,1
M0099,"상세불명의 화농성 관절염, 상세불명 부분",7,2,9
M1000,"특발성 통풍, 여러 부위",3,0,3
M1009,"특발성 통풍, 상세불명 부분",3,0,3
M1099,"상세불명의 통풍, 상세불명 부분",3,0,3
M1257,"외상성 관절병증, 발목 및 발",3,1,4
M1259,"외상성 관절병증, 상세불명 부분",2,2,4
M130,상세불명의 다발관절염,1,0,1
M1314,"달리 분류되지 않은 단일관절염, 손",1,0,1
M1397,"상세불명의 관절염, 발목 및 발",0,1,1
M1399,"상세불명의 관절염, 상세불명 부분",1,0,1
M150,원발성 전신(골)관절증,18,2,20
M158,기타 다발관절증,2,0,2
M160,양쪽 원발성 고관절증,1,0,1
M169,상세불명의 고관절증,15,2,17
M170,양쪽 원발성 무릎관절증,1,6,7
M171,기타 원발성 무릎관절증,16,1,17
M173,기타 외상후 무릎관절증,1,0,1
M179,상세불명의 무릎관절증,85,67,152
M1919,"기타 관절의 외상후 관절증, 상세불명 부분",1,2,3
M1991,"상세불명의 관절증, 어깨부분",5,0,5
M1996,"상세불명의 관절증, 아래다리",0,1,1
M1999,"상세불명의 관절증, 상세불명 부분",3,2,5
M2000,망치손가락,0,1,1
M201,외반무지(후천성),11,5,16
M202,강직무지,2,0,2
M205,발가락의 기타 변형(후천성),1,0,1
M2137,"손처짐 또는 발처짐(후천성), 발목 및 발",3,0,3
M222,무릎뼈대퇴골의 장애,3,0,3
M2339,"기타 반달연골장애, 상세불명의 연골 또는 인대",1,0,1
M2380,"무릎의 기타 내부장애, 복합손상",1,0,1
M2381,"무릎의 기타 내부장애, 내측반달연골",1,0,1
M2389,"무릎의 기타 내부장애, 상세불명의 연골 또는 인대",2,0,2
M2391,"무릎의 상세불명의 내부장애, 내측반달연골",2,0,2
M2415,"기타 관절연골장애, 골반 부분 및 대퇴",1,0,1
M2419,"기타 관절연골장애, 상세불명 부분",1,0,1
M2449,"관절의 재발성 탈구 및 불완전탈구, 상세불명 부분",3,0,3
M2506,"혈관절증, 아래다리",0,1,1
M2531,"관절의 기타 불안정, 어깨부분",2,0,2
M2574,"골증식체, 손",1,0,1
M2599,"상세불명의 관절장애, 상세불명 부분",1,0,1
M301,폐침범을 동반한 다발동맥염[처그-스트라우스],2,0,2
M349,상세불명의 전신경화증,1,0,1
M3521,위장증상을 동반한 베체트병,1,0,1
M4306,"척추분리증, 요추부",9,3,12
M4312,"척추전방전위증, 경부",2,0,2
M4316,"척추전방전위증, 요추부",32,11,43
M4317,"척추전방전위증, 요천부",3,4,7
M4319,"척추전방전위증, 상세불명의 부위",13,8,21
M4322,"척추의 기타 유합, 경부",2,0,2
M4326,"척추의 기타 유합, 요추부",18,2,20
M4726,"신경뿌리병증을 동반한 기타 척추증, 요추부",1,0,1
M4781,"기타 척추증, 후두환축부",3,0,3
M4782,"기타 척추증, 경부",1,0,1
M4789,"기타 척추증, 상세불명의 부위",13,7,20
M4790,"상세불명의 척추증, 척추의 여러 부위",4,0,4
M4791,"상세불명의 척추증, 후두환축부",1,0,1
M4792,"상세불명의 척추증, 경부",2,0,2
M4796,"상세불명의 척추증, 요추부",51,6,57
M4797,"상세불명의 척추증, 요천부",3,0,3
M4799,"상세불명의 척추증, 상세불명의 부위",49,13,62
M4802,"척추협착, 경부",10,0,10
M4804,"척추협착, 흉추부",9,0,9
M4806,"척추협착, 요추부",466,64,530
M4807,"척추협착, 요천부",25,0,25
M4809,"척추협착, 상세불명의 부위",12,0,12
M4812,"강직성 과다골화증[포레스티어], 경부",3,0,3
M4826,"키스척추, 요추부",2,0,2
M4856,"달리 분류되지 않은 허탈척추, 요추부",1,0,1
M4859,"달리 분류되지 않은 허탈척추, 상세불명의 부위",5,0,5
M4881,"기타 명시된 척추병증, 후두환축부",1,0,1
M4882,"기타 명시된 척추병증, 경부",8,0,8
M4889,"기타 명시된 척추병증, 상세불명의 부위",1,0,1
M500,척수병증을 동반한 경추간판장애(G99.2*),31,6,37
M501,신경뿌리병증을 동반한 경추간판장애,106,11,117
M502,기타 경추간판전위,11,0,11
M509,상세불명의 경추간판장애,3,0,3
M511,신경뿌리병증을 동반한 요추 및 기타 추간판장애(G55.1*),288,47,335
M512,기타 명시된 추간판전위,2,0,2
M519,상세불명의 추간판장애,1,0,1
M5322,"척추불안정, 경부",1,0,1
M5326,"척추불안정, 요추부",28,9,37
M5327,"척추불안정, 요천부",0,1,1
M5329,"척추불안정, 상세불명의 부위",2,1,3
M5417,"신경뿌리병증, 요천부",0,1,1
M5429,"경추통, 상세불명의 부위",4,2,6
M5449,"좌골신경통을 동반한 요통, 상세불명의 부위",1,0,1
M5456,"요통, 요추부",7,1,8
M5457,"요통, 요천부",1,0,1
M5459,"요통, 상세불명의 부위",14,1,15
M6286,"근육의 기타 명시된 장애, 아래다리",1,0,1
M6289,"근육의 기타 명시된 장애, 상세불명 부분",2,0,2
M6539,"결절성 힘줄병, 상세불명 부분",3,0,3
M6581,"기타 윤활막염 및 힘줄윤활막염, 어깨부분",1,0,1
M6599,"상세불명의 윤활막염 및 힘줄윤활막염, 상세불명 부분",1,0,1
M6739,"일과성 윤활막염, 상세불명 부분",1,0,1
M6744,"결절종, 손",2,0,2
M6747,"결절종, 발목 및 발",1,0,1
M6749,"결절종, 상세불명 부분",1,0,1
M707,고관절의 기타 윤활낭염,0,1,1
M712,오금의 윤활막낭[베이커],0,1,1
M7138,"기타 윤활낭낭, 기타 부분",1,0,1
M7139,"기타 윤활낭낭, 상세불명 부분",1,0,1
M7157,"달리 분류되지 않은 기타 윤활낭염, 발목 및 발",2,0,2
M720,손바닥근막성 섬유종증(뒤퓌트랑),0,2,2
M750,어깨의 유착성 관절낭염,3,1,4
M751,회전근개증후군,52,29,81
M754,어깨의 충격증후군,7,9,16
M766,아킬레스힘줄염,0,1,1
M771,외측상과염,2,0,2
M772,손목의 관절주위염,4,0,4
M79150,"근근막통증후군, 골반 부분 및 대퇴",1,0,1
M79180,"근근막통증후군, 기타 부분",6,5,11
M7955,"연조직내의 잔류이물, 골반 부분 및 대퇴",1,0,1
M7969,"사지의 통증, 상세불명 부분",1,0,1
M7970,"섬유근통, 여러 부위",6,0,6
M7978,"섬유근통, 기타 부분",4,0,4
M8003,"병적 골절을 동반한 폐경후골다공증, 아래팔",1,0,1
M8190,"상세불명의 골다공증, 여러 부위",15,5,20
M8199,"상세불명의 골다공증, 상세불명 부분",13,3,16
M8280,"달리 분류된 기타 질환에서의 골다공증, 여러 부위",1,0,1
M8627,"아급성 골수염, 발목 및 발",1,0,1
M8637,"만성 다초점 골수염, 발목 및 발",2,2,4
M8649,"배농관을 동반한 만성 골수염, 상세불명 부분",0,2,2
M8795,"상세불명의 골괴사, 골반 부분 및 대퇴",5,1,6
M8799,"상세불명의 골괴사, 상세불명 부분",0,1,1
M8906,"통증신경디스트로피, 아래다리",1,0,1
M8908,"통증신경디스트로피, 기타 부분",5,0,5
M8909,"통증신경디스트로피, 상세불명 부분",3,1,4
M925,경골 및 비골의 연소성 골연골증,2,0,2
M939,상세불명의 골연골병증,0,2,2
M9481,"연골의 기타 명시된 장애, 어깨부분",1,0,1
M9488,"연골의 기타 명시된 장애, 기타 부분",3,0,3
M9489,"연골의 기타 명시된 장애, 상세불명 부분",2,0,2
M961,달리 분류되지 않은 척추후궁절제후증후군,124,12,136
N10,급성 세뇨관-간질신장염,9,7,16
N111,만성 폐색성 신우신염,1,0,1
N12,급성 또는 만성으로 명시되지 않은 세뇨관-간질신장염,0,1,1
N132,신장 및 요관의 결석성 폐색을 동반한 수신증,1,2,3
N151,신장 및 신장주위 농양,1,0,1
N179,상세불명의 급성 신부전,13,7,20
N183,만성 신장병(3기),2,1,3
N184,만성 신장병(4기),6,2,8
N185,만성 신장병(5기),22,2,24
N189,상세불명의 만성 신장병,13,2,15
N19,상세불명의 신부전,2,0,2
N200,신장의 결석,0,1,1
N201,요관의 결석,1,2,3
N210,방광의 결석,3,2,5
N280,신장의 허혈 및 경색증,1,0,1
N300,급성 방광염,1,1,2
N302,기타 만성 방광염,1,0,1
N304,방사선방광염,1,0,1
N309,상세불명의 방광염,1,0,1
N318,방광의 기타 신경근육기능장애,2,0,2
N319,방광의 상세불명의 신경근육기능장애,25,0,25
N359,상세불명의 요도협착,2,2,4
N390,부위가 명시되지 않은 요로감염,12,1,13
N393,스트레스요실금,1,0,1
N3948,기타 명시된 요실금,3,0,3
N400,합병증을 동반하지 않은 전립선증식증,86,66,152
N401,요로 폐색을 동반한 전립선증식증,3,1,4
N408,기타 합병증을 동반한 전립선증식증,8,6,14
N410,급성 전립선염,8,1,9
N413,전립선방광염,4,0,4
N433,상세불명의 음낭수종,2,1,3
N4500,농양을 동반한 부고환염,3,1,4
N4502,농양을 동반한 부고환-고환염,1,0,1
N4590,농양을 동반하지 않은 부고환염,4,0,4
N4591,농양을 동반하지 않은 고환염,1,0,1
N4592,농양을 동반하지 않은 부고환-고환염,2,0,2
N484,기질적 원인에 의한 발기부전,11,0,11
N498,기타 명시된 남성생식기관의 염증성 장애,2,0,2
N499,상세불명의 남성생식기관의 염증성 장애,1,0,1
N739,상세불명의 여성골반염증질환,0,1,1
N882,자궁경부의 협착,0,1,1
Q046,선천성 대뇌낭,0,3,3
Q453,췌장 또는 췌관의 기타 선천기형,0,1,1
Q760,잠재성 이분척추,0,1,1
R002,두근거림,5,0,5
R02,달리 분류되지 않은 괴저,2,1,3
R030,고혈압의 진단 없이 혈압수치 상승,4,0,4
R042,객혈,0,1,1
R060,호흡곤란,6,2,8
R070,목구멍의 통증,2,0,2
R074,상세불명의 흉통,3,2,5
R093,이상가래,2,0,2
R1032,배꼽주위통증,0,1,1
R1049,상세불명의 복통,5,0,5
R111,구역,0,1,1
R13,삼킴곤란,3,0,3
R229,"상세불명의 국소적 부기, 종괴 및 덩이",1,0,1
R251,상세불명의 떨림,3,0,3
R310,육안적 혈뇨,2,0,2
R318,기타 및 상세불명의 혈뇨,3,0,3
R33,소변정체,3,1,4
R42,어지럼증 및 어지럼,13,4,17
R5090,불명열[FUO],5,1,6
R5099,상세불명의 열,2,1,3
R51,두통,5,0,5
R53,병감 및 피로,5,1,6
R550,혈관미주신경성 실신,1,0,1
R558,기타 실신 및 허탈,7,2,9
R568,기타 및 상세불명의 경련,2,1,3
R572,패혈성 쇼크,1,0,1
R579,상세불명의 쇼크,0,1,1
R58,달리 분류되지 않은 출혈,1,0,1
R609,상세불명의 부종,4,9,13
R630,식욕부진,2,0,2
R634,이상체중감소,2,1,3
R64,카켁시아,2,0,2
R651,기관의 부전을 동반한 감염성 기원의 전신염증반응증후군,1,0,1
R69,미상 및 상세불명의 병인,7,0,7
R72,달리 분류되지 않은 백혈구의 이상,1,0,1
R739,상세불명의 고혈당증,5,2,7
R91,폐의 진단영상검사상 이상소견,1,0,1
R938,기타 명시된 신체구조의 진단영상검사상 이상소견,1,0,1
R945,간기능검사의 이상결과,2,0,2
S010,두피의 열린상처,1,0,1
S011,눈꺼풀 및 눈주위의 열린상처,1,0,1
S0140,볼의 열린상처,1,0,1
S018,머리의 기타 부분의 열린상처,2,0,2
S0200,"두개원개의 골절, 폐쇄성",2,0,2
S0220,"비골의 골절, 폐쇄성",0,1,1
S0600,열린 두개내상처가 없는 진탕,3,0,3
S0620,열린 두개내상처가 없는 미만성 뇌손상,1,4,5
S0621,열린 두개내상처가 있는 미만성 뇌손상,1,0,1
S0631,열린 두개내상처가 있는 초점성 뇌손상,1,0,1
S0640,열린 두개내상처가 없는 경막외출혈,0,3,3
S0650,열린 두개내상처가 없는 외상성 경막하출혈,6,3,9
S0651,열린 두개내상처가 있는 외상성 경막하출혈,10,8,18
S0661,열린 두개내상처가 있는 외상성 거미막하출혈,2,0,2
S0681,열린 두개내상처가 있는 기타 두개내손상,8,1,9
S1210,"제2경추의 골절, 폐쇄성",3,0,3
S1290,"목의 상세불명 부분의 골절, 폐쇄성",0,1,1
S134,경추의 염좌 및 긴장,7,1,8
S22020,"T1 및 T2 부위의 골절, 폐쇄성",1,0,1
S22030,"T3 및 T4 부위의 골절, 폐쇄성",0,1,1
S22060,"T9 및 T10 부위의 골절, 폐쇄성",1,1,2
S22070,"T11 및 T12 부위의 골절, 폐쇄성",20,10,30
S22330,"제1늑골 이외 단일 늑골의 골절,폐쇄성",3,1,4
S22460,"제1늑골을 침범하지 않은 다발골절, 폐쇄성",3,5,8
S22490,"상세불명 늑골의 다발골절, 폐쇄성",5,1,6
S301,복벽의 타박상,0,1,1
S312,음경의 열린상처,1,0,1
S32020,"L1 부위의 골절, 폐쇄성",14,14,28
S32030,"L2 부위의 골절, 폐쇄성",4,11,15
S32040,"L3 부위의 골절, 폐쇄성",5,6,11
S32050,"L4 부위의 골절, 폐쇄성",5,2,7
S32060,"L5 부위의 골절, 폐쇄성",3,1,4
S32090,"요추의 상세불명 부위의 골절, 폐쇄성",2,0,2
S3220,"미추의 골절, 폐쇄성",0,1,1
S3230,"장골의 골절, 폐쇄성",1,0,1
S3240,"절구의 골절, 폐쇄성",2,0,2
S32890,"골반의 상세불명 부분의 골절, 폐쇄성",1,0,1
S3350,요추의 염좌 및 긴장,11,2,13
S3351,요천추[관절][인대]의 염좌 및 긴장,1,1,2
S3700,강내로의 열린상처가 없는 신장의 손상,1,1,2
S3730,강내로의 열린상처가 없는 요도의 손상,1,0,1
S42020,"쇄골의 다발골절, 폐쇄성",1,0,1
S42040,"쇄골 몸통의 골절, 폐쇄성",1,1,2
S42050,"쇄골 견봉단의 골절, 폐쇄성",1,1,2
S42090,"쇄골의 상세불명 부분의 골절, 폐쇄성",1,1,2
S42220,"상완골 머리의 골절, 폐쇄성 ",4,0,4
S42250,"상완골 대거친면의 골절, 폐쇄성 ",2,0,2
S42290,"상완골 상단의 상세불명 부분의 골절, 폐쇄성 ",1,1,2
S4230,"상완골 몸통의 골절,  폐쇄성",1,1,2
S42420,"상완골의 관절융기위골절, 폐쇄성 ",0,1,1
S4300,상완골의 전탈구,1,0,1
S4309,어깨의 상세불명 탈구,0,1,1
S434,어깨관절의 염좌 및 긴장,0,2,2
S4600,"어깨의 회전근개의 근육 및 힘줄의 손상, 열상",74,25,99
S4608,"어깨의 회전근개의 근육 및 힘줄의 손상, 기타 및 상세불명의 손상",20,2,22
S52020,"척골 주두돌기의 골절, 폐쇄성",0,1,1
S52190,"요골 상단의 상세불명 부분의 골절, 폐쇄성",1,0,1
S52520,"등쪽 경사를 동반한 요골 하단의 골절, 폐쇄성",2,3,5
S52521,"등쪽 경사를 동반한 요골 하단의 골절, 개방성",0,1,1
S52530,"바닥쪽 경사를 동반한 요골 하단의 골절, 폐쇄성",1,0,1
S52590,"요골 하단의 상세불명 골절, 폐쇄성",1,1,2
S5270,"아래팔의 다발골절, 폐쇄성",0,1,1
S531,팔꿈치의 상세불명 탈구,1,0,1
S5640,"아래팔 부위의 기타 손가락의 신근 및 힘줄의 손상, 열상",4,0,4
S5648,"아래팔 부위의 기타 손가락의 신근 및 힘줄의 손상, 기타 및 상세불명의 손상",1,0,1
S599,아래팔의 상세불명 손상,3,1,4
S62220,"제1중수골 바닥의 골절, 폐쇄성",0,1,1
S62330,"기타 중수골 몸통의 골절, 폐쇄성",1,0,1
S62340,"기타 중수골 목의 골절, 폐쇄성",1,0,1
S62690,"손가락뼈의 상세불명 부분의 골절, 폐쇄성",4,0,4
S6281,"손목 및 손의 기타 및 상세불명 부분의 골절, 개방성",0,1,1
S72060,"대퇴골 경부바닥의 골절, 폐쇄성",2,2,4
S72080,"기타 대퇴골 경부 부분의 골절, 폐쇄성",7,2,9
S72090,"대퇴골 경부의 상세불명 부분의 골절, 폐쇄성",1,0,1
S72120,"대퇴골전자간골절, 폐쇄성",2,6,8
S72190,"대퇴골전자부의 상세불명 골절, 폐쇄성",1,0,1
S8200,"무릎뼈의 골절, 폐쇄성",3,1,4
S8201,"무릎뼈의 골절, 개방성",1,0,1
S82120,"비골골절(모든 부분)을 동반한 경골상단의 골절, 폐쇄성",1,0,1
S82220,"비골골절(모든 부분)을 동반한 경골 몸통의 골절, 폐쇄성",1,2,3
S82221,"비골골절(모든 부분)을 동반한 경골 몸통의 골절, 개방성",1,0,1
S82280,"경골 몸통의 기타 골절, 폐쇄성",1,0,1
S82320,"비골 골절(모든 부분)을 동반한 경골 하단의 골절, 폐쇄성",2,2,4
S82380,"기타 경골 하단의 골절, 폐쇄성",1,1,2
S82430,"비골 몸통의 골절, 폐쇄성",0,2,2
S82480,"비골의 기타 및 상세불명 부분의 골절, 폐쇄성",4,1,5
S8260,"외측복사의 골절의 골절, 폐쇄성",2,0,2
S82820,"양측 복사 골절, 발목, 폐쇄성",1,2,3
S82830,"삼복사 골절, 발목, 폐쇄성",3,1,4
S8320,내측반달연골의 찢김,6,1,7
S8321,외측반달연골의 찢김,0,1,1
S833,현존 무릎관절연골의 찢김,1,0,1
S8351,후십자인대의 염좌 및 긴장,1,0,1
S8352,전십자인대의 파열,2,3,5
S8698,"아래다리 부위의 상세불명 근육 및 힘줄의 손상, 기타 및 상세불명의 손상",1,0,1
S908,발목 및 발의 기타 표재성 손상,2,0,2
S9200,"종골의 골절, 폐쇄성",2,1,3
S92230,"발의 입방뼈의 골절, 폐쇄성",1,0,1
S9230,"중족골의 골절, 폐쇄성",3,1,4
S9240,"엄지발가락 골절, 폐쇄성",1,0,1
S932,발목 및 발 부위의 인대의 파열,1,0,1
S9332,족근골중족골(관절)의 탈구,1,0,1
S9339,발의 상세불명 부분의 탈구,1,0,1
S9342,경골비골(인대)의 염좌 및 긴장,1,0,1
S9348,발목의 기타 부분의 염좌 및 긴장,0,2,2
S9349,발목의 상세불명 부분의 염좌 및 긴장,1,0,1
S997,발목 및 발의 다발손상,1,0,1
S999,발목 및 발의 상세불명 손상,0,1,1
T080,"상세불명 부위의 척추의 골절, 폐쇄성",1,0,1
T093,척수의 상세불명 부위의 손상,2,2,4
T094,"몸통의 상세불명의 신경, 척수신경근 및 척추 신경총의 손상",0,1,1
T135,다리의 상세불명 부위의 상세불명 근육 및 힘줄의 손상,1,0,1
T140,상세불명의 신체부위의 표재성 손상,1,0,1
T141,상세불명의 신체부위의 열린상처,1,2,3
T181,식도의 이물,1,0,1
T183,소장의 이물,1,0,1
T189,소화관의 상세불명 부분의 이물,1,0,1
T198,비뇨생식관의 기타 및 여러 부분의 이물,1,0,1
T2420,"발목 및 발을 제외한 엉덩이 및 다리의 2도 화상, 대퇴부",1,0,1
T250,발목 및 발의 상세불명 정도의 화상,1,0,1
T252,발목 및 발의 2도 화상,1,0,1
T300,상세불명 정도의 상세불명 신체부위의 화상,3,1,4
T302,상세불명 신체부위의 2도 화상,2,0,2
T455,항응고제에 의한 중독,1,0,1
T509,"기타 및 상세불명의 약물, 약제 및 생물학적 물질에 의한 중독",0,2,2
T751,익사 및 비치명적 익수,2,0,2
T810,달리 분류되지 않은 처치에 합병된 출혈 및 혈종,0,1,1
T813,달리 분류되지 않은 수술상처의 파열,4,0,4
T814,달리 분류되지 않은 처치에 따른 감염,5,1,6
T818,달리 분류되지 않은 처치의 기타 합병증,1,0,1
T824,혈관투석카테터의 기계적 합병증,1,0,1
T840,내부인공관절의 기계적 합병증,5,0,5
T844,"기타 내부 정형외과적 장치, 삽입물 및 이식편의 기계적 합병증",2,0,2
T845,내부인공관절에 의한 감염 및 염증반응,7,0,7
T875,절단잘린끝의 괴사,5,0,5
T886,적절히 투여된 올바른 약물 또는 약제의 유해작용에 의한 아나필락시스쇼크,1,0,1
T913,척수손상의 후유증,0,2,2
U071,바이러스가 확인된 코로나바이러스 질환 2019 [바이러스가 확인된 코로나-19],8,468,476
U072,바이러스가 확인되지 않은 코로나바이러스 질환 2019 [바이러스가 확인되지 않은 코로나-19],0,1,1
U8280,카바페넴계내성,2,0,2
V180,비교통사고에서 비충돌 운수사고에서 다친 자전거 운전자,0,1,1
V189,교통사고에서 비충돌 운수사고에서 다친 상세불명의 자전거 탑승자 ,0,1,1
V193,상세불명의 비교통사고에서 다친 [모든] 자전거 탑승자,1,0,1
V239,"교통사고에서 승용차, 픽업트럭 또는 밴과 충돌로 다친 상세불명의 모터사이클 탑승자 ",0,1,1
V280,비교통 사고에서 비충돌 운수사고에서 다친 모터사이클 운전자,2,0,2
V384,승하차중 비충돌 운수사고에서 다친 사람,1,0,1
V483,비교통사고에서 비충돌 운수사고에서 다친 상세불명의 승용차 탑승자,1,0,1
V781,비교통사고에서 비충돌 운수사고로 다친 버스 승객,1,0,1
W010,"미끄러짐, 걸림 및 헛디딤에 의한 동일 면상에서의 낙상, 주택 ",15,0,15
W011,"미끄러짐, 걸림 및 헛디딤에 의한 동일 면상에서의 낙상, 집단 거주시설 ",2,47,49
W012,"미끄러짐, 걸림 및 헛디딤에 의한 동일 면상에서의 낙상, 학교, 기타 시설 및 공공행정 구역 ",0,3,3
W014,"미끄러짐, 걸림 및 헛디딤에 의한 동일 면상에서의 낙상, 도로 및 고속도로",4,0,4
W018,"미끄러짐, 걸림 및 헛디딤에 의한 동일 면상에서의 낙상, 기타 명시된 장소 ",2,2,4
W060,"침대가 관여된 낙상, 주택 ",2,0,2
W090,"운동장비가 관여된 낙상, 주택 ",1,0,1
W100,"계단에서의 낙상, 주택 ",5,0,5
W108,"계단에서의 낙상, 기타 명시된 장소 ",2,0,2
W109,"계단에서의 낙상, 상세불명 장소 ",4,0,4
W110,"사다리에서의 낙상, 주택 ",1,0,1
W118,"사다리에서의 낙상, 기타 명시된 장소 ",0,1,1
W119,"사다리에서의 낙상, 상세불명 장소 ",1,0,1
W149,"나무에서의 낙상, 상세불명 장소 ",1,0,1
W158,"절벽에서의 낙상, 기타 명시된 장소 ",2,0,2
W171,"기타 한면에서 다른 면으로 넘어짐, 집단거주시설 ",1,0,1
W178,"기타 한면에서 다른 면으로 넘어짐, 기타 명시된 장소 ",2,0,2
W179,"기타 한면에서 다른 면으로 넘어짐, 상세불명 장소 ",0,1,1
W180,"동일면상에서 기타 넘어짐, 주택",11,1,12
W182,"동일면상에서 기타 넘어짐, 학교, 기타 시설 및 공공행정 구역 ",1,0,1
W188,"동일면상에서 기타 넘어짐, 기타 명시된 장소 ",5,0,5
W189,"동일면상에서 기타 넘어짐, 상세불명 장소 ",1,0,1
W194,"상세불명의 낙상, 도로 및 고속도로",1,0,1
W199,"상세불명의 낙상, 상세불명 장소 ",5,0,5
W300,"농업용기계와 접촉, 주택 ",1,0,1
Z000,일반적 의학검사,4,0,4
Z008,기타 일반검사,2,1,3
Z208,기타 전염성 질환에 접촉 및 노출,1,0,1
Z450,심장장치의 조정 및 관리를 위하여 보건서비스와 접하고 있는 사람,14,1,15
Z470,골절판 및 기타 내부고정장치의 제거를 포함한 추적치료를 위하여 보건서비스와 접하고 있는 사람,8,5,13
Z511,신생물에 대한 화학요법기간를 위하여 보건서비스와 접하고 있는 사람,38,0,38
Z933,결장조루상태,0,1,1
Z944,간이식상태,3,0,3
Z950,심장전자장치의 존재,7,4,11
Z951,대동맥관상동맥우회로이식편의 존재,2,0,2
Z952,인공심장판막의 존재,2,0,2
Z954,기타 심장판막대치물의 존재,1,0,1
Z955,관상동맥혈관성형 삽입물 및 이식편의 존재,11,0,11
Z961,안구내렌즈의 존재,29,6,35
Z9663,고관절삽입물의 존재,1,0,1
Z978,기타 명시된 장치의 존재,1,0,1
