상병코드,상병명,국비,사비,계
A012,파라티푸스 B,0,1,1
A013,파라티푸스 C,0,1,1
A090,감염성 기원의 기타 및 상세불명의 위장염 및 결장염,0,1,1
A099,상세불명 기원의 위장염 및 결장염,24,5,29
A1501,"배양 유무에 관계없이 가래 현미경 검사로 확인된 폐결핵, 공동이 없거나 상세불명의",2,5,7
A1511,배양만으로 확인된 공동이 없거나 상세불명의 폐결핵,1,1,2
A1531,상세불명의 수단으로 확인된 공동이 없거나 상세불명의 폐결핵,2,0,2
A1581,세균학적 및 조직학적으로 확인된 공동이 없거나 상세불명의 기타 호흡기결핵,1,0,1
A1601,세균학적 및 조직학적으로 음성인 공동이 없거나 상세불명의 폐결핵,1,0,1
A310,폐마이코박테리아감염,1,0,1
A419,상세불명의 패혈증,6,1,7
A753,리케차 쯔쯔가무시에 의한 발진티푸스,3,1,4
B179,상세불명의 급성 바이러스간염,1,0,1
B1819,"델타-병원체가 없는 만성 바이러스B형간염, 기타 및 상세불명의 기간",2,0,2
B182,만성 바이러스C형간염,0,1,1
B3780,칸디다식도염,1,1,2
B909,호흡기 및 상세불명 결핵의 후유증,1,0,1
C029,상세불명의 혀의 악성 신생물,1,0,1
C049,상세불명의 입바닥의 악성 신생물,0,1,1
C159,상세불명의 식도의 악성 신생물,1,0,1
C1629,"위의 체부의 악성 신생물, 상세불명",0,1,1
C1631,"유문동의 악성 신생물, 진행형",1,0,1
C1639,"유문동의 악성 신생물, 상세불명",0,1,1
C1649,"유문의 악성 신생물, 상세불명",0,2,2
C1650,"상세불명의 위의 소만부의 악성 신생물, 조기",4,0,4
C1691,"상세불명의 위의 악성 신생물, 진행형",2,1,3
C1699,"상세불명의 위의 악성 신생물, 상세불명",59,11,70
C180,맹장의 악성 신생물,0,6,6
C182,상행결장의 악성 신생물,2,1,3
C187,구불결장의 악성 신생물,2,6,8
C189,상세불명의 결장의 악성 신생물,28,9,37
C19,직장구불결장접합부의 악성 신생물,16,3,19
C20,직장의 악성 신생물,21,7,28
C220,간세포암종의 악성 신생물,36,6,42
C221,간내담관암종의 악성 신생물,8,9,17
C229,상세불명의 간의 악성 신생물,1,0,1
C23,담낭의 악성 신생물,1,4,5
C240,간외담관의 악성 신생물,6,5,11
C241,파터팽대의 악성 신생물,2,0,2
C249,상세불명의 담도의 악성 신생물,3,0,3
C250,췌장의 두부의 악성 신생물,2,2,4
C251,췌장의 체부의 악성 신생물,1,3,4
C252,췌장의 꼬리의 악성 신생물,1,0,1
C259,상세불명의 췌장의 악성 신생물,4,9,13
C3401,"주기관지의 악성 신생물, 왼쪽",1,0,1
C3419,"상엽, 기관지 또는 폐의 악성 신생물, 상세불명 쪽",0,1,1
C342,"중엽, 기관지 또는 폐의 악성 신생물",2,1,3
C3489,"기관지 및 폐의 중복병변의 악성 신생물, 상세불명 쪽",0,1,1
C3490,"상세불명의 기관지 또는 폐의 악성 신생물, 오른쪽",2,0,2
C3499,"상세불명의 기관지 또는 폐의 악성 신생물, 상세불명 쪽",25,29,54
C449,상세불명의 피부의 악성 신생물,0,1,1
C459,상세불명의 중피종,0,1,1
C495,골반의 결합조직 및 연조직의 악성 신생물,1,0,1
C499,상세불명의 결합조직 및 연조직의 악성 신생물,1,0,1
C5091,"상세불명의 유방의 악성 신생물, 왼쪽 ",0,1,1
C5099,"상세불명의 유방의 악성 신생물, 상세불명 쪽 ",0,2,2
C539,상세불명의 자궁경부의 악성 신생물,0,2,2
C569,"난소의 악성 신생물, 상세불명 쪽",0,4,4
C61,전립선의 악성 신생물,63,21,84
C641,"신우를 제외한 신장의 악성 신생물, 왼쪽",0,1,1
C649,"신우를 제외한 신장의 악성 신생물, 상세불명 쪽",1,0,1
C660,"요관의 악성 신생물, 오른쪽",1,0,1
C661,"요관의 악성 신생물, 왼쪽",1,0,1
C671,방광의 둥근천장부의 악성 신생물,2,0,2
C679,상세불명의 방광의 악성 신생물,7,2,9
C700,뇌막의 악성 신생물,0,2,2
C710,뇌엽 및 뇌실을 제외한 대뇌의 악성 신생물,0,1,1
C719,상세불명의 뇌의 악성 신생물,0,5,5
C73,갑상선의 악성 신생물,0,1,1
C7800,"폐의 이차성 악성 신생물, 오른쪽",1,0,1
C786,후복막 및 복막의 이차성 악성 신생물,0,3,3
C787,간 및 간내 담관의 이차성 악성 신생물,1,3,4
C7988,기타 명시된 부위의 이차성 악성 신생물,0,1,1
C799,상세불명 부위의 이차성 악성 신생물,1,0,1
C800,원발부위 미상으로 언급된 악성 신생물,1,0,1
C859,상세불명의 비호지킨림프종,0,6,6
C900,다발골수종,4,0,4
C911,B-세포형 만성 림프구성 백혈병,1,0,1
C921,"만성 골수성 백혈병, BCR/ABL-양성",2,0,2
C927,기타 골수성 백혈병,1,0,1
C969,"상세불명의 림프, 조혈 및 관련 조직의 악성 신생물",0,1,1
D013,항문 및 항문관의 제자리암종 ,1,0,1
D126,상세불명의 결장의 양성 신생물,21,5,26
D131,위의 양성 신생물 ,13,5,18
D134,간의 양성 신생물 ,1,0,1
D136,췌장의 양성 신생물,2,0,2
D1439,"기관지 및 폐의 양성 신생물, 상세불명 쪽",12,2,14
D144,상세불명의 호흡계통의 양성 신생물 ,2,0,2
D166,척주의 양성 신생물,4,0,4
D179,상세불명의 양성 지방종성 신생물,4,4,8
D1802,간담도계의 혈관종,2,1,3
D1808,기타 부위의 혈관종,1,0,1
D303,방광의 양성 신생물,2,1,3
D316,상세불명의 안와의 양성 신생물,1,0,1
D320,뇌막의 양성 신생물 ,1,0,1
D329,상세불명의 수막의 양성 신생물 ,2,0,2
D333,뇌신경의 양성 신생물 ,2,0,2
D339,상세불명의 중추신경계통의 양성 신생물,0,1,1
D352,뇌하수체의 양성 신생물,3,0,3
D361,말초신경 및 자율신경계통의 양성 신생물,1,0,1
D369,상세불명 부위의 양성 신생물,1,0,1
D371,위의 행동양식 불명 또는 미상의 신생물,1,0,1
D376,"간, 담낭 및 담관의 행동양식 불명 또는 미상의 신생물",3,1,4
D377,기타 소화기관의 행동양식 불명 또는 미상의 신생물,12,0,12
D379,상세불명의 소화기관의 행동양식 불명 또는 미상의 신생물,1,0,1
D381,"기관, 기관지 및 폐의 행동양식 불명 또는 미상의 신생물",1,0,1
D383,종격의 행동양식 불명 또는 미상의 신생물 ,1,0,1
D414,방광의 행동양식 불명 또는 미상의 신생물 ,1,4,5
D432,상세불명의 뇌의 행동양식 불명 또는 미상의 신생물 ,0,1,1
D440,갑상선의 행동양식 불명 또는 미상의 신생물,1,0,1
D469,상세불명의 골수형성이상증후군,1,0,1
D473,본태성(출혈성) 혈소판혈증,1,0,1
D481,결합조직 및 기타 연조직의 행동양식 불명 또는 미상의 신생물,8,0,8
D500,(만성) 실혈에 따른 이차성 철겹핍빈혈,1,0,1
D509,상세불명의 철결핍빈혈,1,1,2
D638,달리 분류된 기타 만성 질환에서의 빈혈,1,0,1
D649,상세불명의 빈혈,12,9,21
D696,상세불명의 혈소판감소증,1,0,1
D71,다형핵호중구의 기능장애,1,0,1
E039,상세불명의 갑상선기능저하증,0,1,1
E1000,고삼투압과 혼수를 동반한 1형 당뇨병,1,0,1
E1010,케토산증을 동반한 1형 당뇨병,1,1,2
E1020,초기 당뇨병신장병증을 동반한 1형 당뇨병(N08.3*),2,0,2
E1028,기타 및 상세불명의 신장합병증을 동반한 1형 당뇨병(N08.3*),3,0,3
E1031,당뇨병성 비증식성 망막병증을 동반한 1형 당뇨병(H36.0*),1,0,1
E1038,기타 및 상세불명의 눈 합병증을 동반한 1형 당뇨병,1,0,1
E1070,당뇨병성 족부궤양을 동반한 1형 당뇨병,2,0,2
E1100,고삼투압과 혼수를 동반한 2형 당뇨병,7,0,7
E1120,초기 당뇨병성 신장병증을 동반한 2형 당뇨병(N08.3*),2,0,2
E1141,당뇨병성 다발신경병증을 동반한 2형 당뇨병(G63.2*),0,1,1
E1148,기타 및 상세불명의 신경학적 합병증을 동반한 2형 당뇨병,4,0,4
E1150,"당뇨병성 말초혈관병증을 동반한, 괴저를 동반하지 않는 2형 당뇨병(I79.2*)",2,0,2
E1158,기타 및 상세불명의 말초순환계 합병증을 동반한 2형 당뇨병,4,0,4
E118,상세불명의 합병증을 동반한 2형 당뇨병,24,5,29
E119,합병증을 동반하지 않은 2형 당뇨병,17,3,20
E1364,혈당조절이 되지 않은 기타 명시된 당뇨병,1,0,1
E1378,기타 다발성 합병증을 동반한 기타 명시된 당뇨병,1,0,1
E1448,기타 및 상세불명의 신경학적 합병증을 동반한 상세불명의 당뇨병,7,0,7
E1471,당뇨병성 족부궤양 및 괴저를 동반한 상세불명의 당뇨병,2,1,3
E148,상세불명의 합병증을 동반한 상세불명의 당뇨병,9,2,11
E220,말단비대증 및 뇌하수체거인증,1,0,1
E242,약물유발 쿠싱증후군,0,3,3
E260,원발성 고알도스테론증,0,2,2
E274,기타 및 상세불명의 부신피질부전,0,1,1
E780,순수 고콜레스테롤혈증,1,1,2
E781,순수 고글리세라이드혈증,1,0,1
E784,기타 고지질혈증,2,0,2
E785,상세불명의 고지질혈증,11,2,13
E871,저오스몰랄농도 및 저나트륨혈증,4,0,4
E872,산증,0,1,1
E875,고칼륨혈증,0,1,1
F009,상세불명의 알츠하이머병에서의 치매(G30.9†),5,4,9
F011,다발-경색치매,1,0,1
F019,상세불명의 혈관성 치매,2,0,2
F03,상세불명의 치매,1,1,2
F059,상세불명의 섬망,1,0,1
F069,"뇌손상, 뇌기능이상 및 신체질환에 의한 상세불명의 정신장애",1,0,1
F072,뇌진탕후증후군,1,0,1
F329,상세불명의 우울에피소드,1,0,1
F410,공황장애[우발적 발작성 불안],2,0,2
F489,상세불명의 신경증성 장애,1,0,1
F510,비기질성 불면증,7,0,7
G030,비화농성 수막염,0,1,1
G039,상세불명의 수막염,3,0,3
G061,척추내 농양 및 육아종,0,1,1
G1221,산발형 근위축측삭경화증,3,0,3
G20,파킨슨병,16,0,16
G22,달리 분류된 질환에서의 파킨슨증,1,0,1
G245,안검연축,1,1,2
G253,마이오클로누스,1,0,1
G258,기타 명시된 추체외로 및 운동 장애,2,0,2
G319,신경계통의 상세불명 퇴행성 질환,9,0,9
G4001,난치성 뇌전증을 동반한 국소발병의 발작을 동반한 국소화-관련 (초점성)(부분적) 특발성 뇌전증 및 뇌전증증후군,2,0,2
G4090,난치성 뇌전증을 동반하지 않은 상세불명의 뇌전증,2,0,2
G431,조짐이 있는 편두통[고전적 편두통],1,0,1
G439,상세불명의 편두통,1,1,2
G442,긴장형두통,0,1,1
G448,기타 명시된 두통증후군,0,1,1
G459,상세불명의 일과성 뇌허혈발작,6,0,6
G470,수면 개시 및 유지 장애[불면증],12,0,12
G500,삼차신경통,1,0,1
G510,벨마비,2,2,4
G530,대상포진후신경통(B02.2†),2,0,2
G544,달리 분류되지 않은 요천수신경뿌리장애,19,0,19
G549,상세불명의 신경근 및 신경총 장애,2,0,2
G551,추간판 장애에서의 신경근 및 신경총 압박(M50-M51†),1,0,1
G560,손목터널증후군,5,3,8
G562,척골신경의 병변,1,0,1
G568,팔의 기타 단일신경병증,2,0,2
G580,늑간신경병증,1,0,1
G589,상세불명의 단일신경병증,33,0,33
G609,상세불명의 유전성 및 특발성 신경병증,4,0,4
G629,상세불명의 다발신경병증,7,0,7
G64,말초신경계통의 기타 장애,1,0,1
G810,이완성 편마비,1,0,1
G811,강직성 편마비,1,2,3
G819,상세불명의 편마비,51,12,63
G822,상세불명의 하반신마비,1,1,2
G825,상세불명의 사지마비,19,2,21
G834,말총증후군,7,2,9
G906,복합부위통증증후군 II형,4,0,4
G907,기타 및 상세불명 유형의 복합부위통증증후군,1,0,1
G912,정상뇌압 수두증,12,0,12
G919,상세불명의 수두증,3,0,3
G932,양성 두개내압상승,0,1,1
G952,상세불명의 척수압박,4,0,4
G959,척수의 상세불명 질환,18,3,21
H0411,건성안증후군,5,0,5
H2501,"노년성 초기백내장, 왼쪽",1,0,1
H2510,"노년성 핵백내장, 오른쪽",20,7,27
H2511,"노년성 핵백내장, 왼쪽",19,8,27
H2580,"기타 노년백내장, 오른쪽",15,13,28
H2581,"기타 노년백내장, 왼쪽",12,12,24
H2582,"기타 노년백내장, 양쪽",1,0,1
H2590,"상세불명의 노년백내장, 오른쪽",6,4,10
H2591,"상세불명의 노년백내장, 왼쪽",4,0,4
H6100,외이의 급성 연골막염,0,1,1
H6611,"만성 이관고실의 화농성 중이염, 양쪽",1,0,1
H6800,급성 귀인두관염,1,0,1
H810,메니에르병,1,1,2
H811,양성 발작성 현기증,3,1,4
H812,전정신경세포염,2,1,3
H814,중추기원의 현기증,6,0,6
H82,달리 분류된 질환에서의 현기증후군,2,0,2
H9120,"돌발성 특발성 청력소실, 한쪽",2,0,2
H9129,"돌발성 특발성 청력소실, 상세불명 쪽",5,4,9
I050,승모판협착,2,0,2
I101,악성 고혈압,9,5,14
I109,기타 및 상세불명의 원발성 고혈압,31,10,41
I110,(울혈성) 심부전을 동반한 고혈압성 심장병,5,2,7
I119,(울혈성) 심부전이 없는 고혈압성 심장병,9,6,15
I159,상세불명의 이차성 고혈압,1,0,1
I200,불안정협심증,12,6,18
I201,연축의 기재가 있는 협심증,13,3,16
I2080,비정형협심증,4,2,6
I2088,기타 형태의 협심증,67,9,76
I209,상세불명의 협심증,427,128,555
I214,급성 심내막하심근경색증,1,0,1
I219,상세불명의 급성 심근경색증,17,8,25
I252,오래된 심근경색증,1,1,2
I253,심장의 동맥류,1,0,1
I258,기타 형태의 만성 허혈심장병,1,1,2
I269,급성 폐심장증에 대한 언급이 없는 폐색전증,7,2,9
I270,원발성 폐동맥고혈압,1,0,1
I311,만성 협착성 심장막염,1,0,1
I313,심낭삼출액(비염증성),2,2,4
I350,대동맥판협착,2,2,4
I351,대동맥판기능부전,1,0,1
I359,상세불명의 대동맥판장애,1,0,1
I38,상세불명 판막의 심내막염,0,1,1
I420,확장성 심근병증,5,0,5
I4220,비폐색성 비대성 심근병증,1,0,1
I426,알코올성 심근병증,1,0,1
I429,상세불명의 심근병증,0,3,3
I442,완전방실차단,7,2,9
I455,기타 명시된 심장차단,1,0,1
I460,인공소생에 성공한 심장정지,4,1,5
I469,상세불명의 심장정지,1,1,2
I472,심실성 빈맥 ,1,0,1
I480,발작성 심방세동,5,2,7
I481,지속성 심방세동,3,0,3
I482,만성 심방세동,1,0,1
I484,비전형심방조동,0,2,2
I4890,상세불명의 심장세동,12,8,20
I4891,상세불명의 심장조동,0,3,3
I491,심방조기탈분극,0,1,1
I492,접합부조기탈분극,2,1,3
I493,심실조기탈분극,1,0,1
I495,동기능부전증후군,1,2,3
I499,상세불명의 심장부정맥,4,2,6
I5004,수축기능부전을 동반한 울혈성 심부전,9,5,14
I5005,수축기능이 정상인 울혈성 심부전,0,1,1
I5008,기타 및 상세불명의 울혈성 심부전,104,51,155
I501,좌심실부전,1,1,2
I509,상세불명의 심부전,14,5,19
I517,심장비대,1,1,2
I601,중대뇌동맥에서 기원한 거미막하출혈,0,1,1
I609,상세불명의 거미막하출혈,0,1,1
I613,뇌간의 뇌내출혈,1,0,1
I614,소뇌의 뇌내출혈,0,1,1
I615,뇌실내 뇌내출혈,0,1,1
I618,기타 뇌내출혈,0,1,1
I619,상세불명의 뇌내출혈,20,5,25
I620,비외상성 경막하출혈,1,1,2
I629,상세불명의 두개내출혈(비외상성),3,0,3
I6329,상세불명의 뇌전동맥의 상세불명 폐쇄 또는 협착에 의한 뇌경색증,1,0,1
I6358,기타 대뇌동맥의 상세불명 폐쇄 또는 협착에 의한 뇌경색증,1,0,1
I6359,상세불명의 대뇌동맥의 상세불명 폐쇄 또는 협착에 의한 뇌경색증,1,0,1
I638,기타 뇌경색증,74,6,80
I639,상세불명의 뇌경색증,45,13,58
I652,경동맥의 폐쇄 및 협착,15,0,15
I660,중대뇌동맥의 폐쇄 및 협착,4,0,4
I669,상세불명 대뇌동맥의 폐쇄 및 협착,2,0,2
I670,파열되지 않은 대뇌동맥의 박리,3,0,3
I671,파열되지 않은 대뇌동맥류,7,1,8
I678,기타 명시된 뇌혈관질환,5,0,5
I679,상세불명의 뇌혈관질환,2,0,2
I690,지주막하출혈의 후유증,0,1,1
I691,뇌내출혈의 후유증,13,3,16
I693,뇌경색증의 후유증,34,3,37
I694,출혈 또는 경색증으로 명시되지 않은 뇌졸중의 후유증,2,0,2
I7022,간헐성 파행을 동반한 사지동맥의 죽상경화증,1,0,1
I7023,휴식통을 동반한 사지동맥의 죽상경화증,0,1,1
I7024,궤양을 동반한 사지동맥의 죽상경화증,0,1,1
I7029,사지동맥의 상세불명 죽상경화증,8,5,13
I70920,괴저를 동반하지 않은 전신죽상경화증,1,0,1
I7109,상세불명 부위의 대동맥박리,0,2,2
I714,파열에 대한 언급이 없는 복부대동맥동맥류,0,4,4
I729,상세불명 부위의 동맥류 및 박리,0,1,1
I731,폐색혈전혈관염[버거병],2,0,2
I738,기타 명시된 말초혈관질환,1,0,1
I739,상세불명의 말초혈관병,35,5,40
I740,복부대동맥의 색전증 및 혈전증,1,0,1
I745,장골동맥의 색전증 및 혈전증,1,0,1
I749,상세불명 동맥의 색전증 및 혈전증,1,0,1
I771,동맥의 협착,0,1,1
I7782,하지를 침범한 말초동맥폐쇄질환,4,2,6
I788,기타 모세혈관질환,0,1,1
I802,하지의 기타 심부혈관의 정맥염 및 혈전정맥염,2,3,5
I822,대정맥의 색전증 및 혈전증,0,1,1
I829,상세불명 정맥의 색전증 및 혈전증,1,0,1
I839,궤양 또는 염증이 없는 하지의 정맥류,1,0,1
I868,기타 명시된 부위의 정맥류,5,1,6
I872,정맥기능부전(만성)(말초성),1,0,1
I951,기립성 저혈압,1,0,1
I958,기타 저혈압,1,0,1
I959,상세불명의 저혈압,3,0,3
J00,급성 비인두염[감기],2,2,4
J0390,재발성으로 명시되어 있지 않은 상세불명의 급성 편도염,0,1,1
J069,상세불명의 급성 상기도감염,0,1,1
J111,"바이러스가 확인되지 않은, 기타 호흡기증상을 동반한 인플루엔자",3,1,4
J158,기타 세균성 폐렴,1,1,2
J159,상세불명의 세균성 폐렴,2,0,2
J180,상세불명의 기관지폐렴,2,1,3
J189,상세불명의 폐렴,206,80,286
J209,상세불명의 급성 기관지염,2,0,2
J304,상세불명의 알레르기비염,2,1,3
J310,만성 비염,1,0,1
J329,상세불명의 만성 부비동염,4,2,6
J339,상세불명의 코폴립,3,2,5
J342,편위된 비중격,2,3,5
J343,코선반의 비대,5,3,8
J348,코 및 비동의 기타 명시된 장애,0,1,1
J3810,성대의 폴립,1,0,1
J40,급성인지 만성인지 명시되지 않은 기관지염,2,3,5
J42,상세불명의 만성 기관지염,1,2,3
J438,기타 폐기종,0,1,1
J439,상세불명의 폐기종,1,0,1
J4419,"급성 악화를 동반한 상세불명의 만성 폐쇄성 폐질환, 상세불명",0,1,1
J4489,"기타 명시된 만성 폐쇄성 폐질환, 상세불명",5,2,7
J4490,"상세불명의 만성 폐쇄성 폐질환, 경도",2,0,2
J4491,"상세불명의 만성 폐쇄성 폐질환, 중등도",4,3,7
J4492,"상세불명의 만성 폐쇄성 폐질환, 중증",4,3,7
J4499,"상세불명의 만성 폐쇄성 폐질환, 상세불명",17,8,25
J459,상세불명의 천식,8,9,17
J47,기관지확장증,1,1,2
J698,기타 고체 및 액체에 의한 폐렴,0,1,1
J841,섬유증을 동반한 기타 간질성 폐질환,6,1,7
J849,상세불명의 간질성 폐질환,6,0,6
J852,폐렴을 동반하지 않은 폐의 농양,2,0,2
J90,달리 분류되지 않은 흉막삼출액,4,3,7
J930,자발성 긴장기흉,0,1,1
J939,상세불명의 기흉,1,1,2
J9619,"만성 호흡부전, 상세불명형",2,0,2
J9699,"상세불명의 호흡부전, 상세불명형",1,0,1
K0532,만성 치관주위염,2,0,2
K089,치아 및 지지구조의 상세불명 장애,1,0,1
K210,식도염을 동반한 위-식도역류병,21,4,25
K219,식도염을 동반하지 않은 위-식도역류병,29,9,38
K222,식도폐색,0,1,1
K226,위-식도열상-출혈증후군,1,1,2
K227,바렛식도,1,0,1
K2501,출혈이 있는 급성 위궤양,1,3,4
K2511,천공이 있는 급성 위궤양,1,0,1
K2521,출혈 및 천공이 모두 있는 급성 위궤양,1,0,1
K2531,출혈 또는 천공이 없는 급성 위궤양,1,0,1
K2561,출혈 및 천공이 모두 있는 만성 또는 상세불명 위궤양,0,1,1
K2591,출혈 또는 천공이 없는 급성인지 만성인지 상세불명인 위궤양,3,0,3
K260,출혈이 있는 급성 십이지장궤양,2,2,4
K269,출혈 또는 천공이 없는 급성인지 만성인지 상세불명인 십이지장궤양,4,3,7
K279,출혈 또는 천공이 없는 급성인지 만성인지 상세불명인 상세불명 부위의 소화성 궤양,1,0,1
K291,기타 급성 위염,10,1,11
K293,만성 표재성 위염,3,1,4
K294,만성 위축성 위염,5,1,6
K295,상세불명의 만성 위염,5,3,8
K296,기타 위염,14,0,14
K297,상세불명의 위염,46,7,53
K299,상세불명의 위십이지장염,1,0,1
K30,기능성 소화불량,8,1,9
K317,위 및 십이지장의 폴립,5,4,9
K3188,위 및 십이지장의 기타 명시된 질환,0,1,1
K319,위 및 십이지장의 상세불명 질환,1,0,1
K352,범복막염을 동반한 급성 충수염,3,0,3
K353,국소복막염을 동반한 급성 충수염,3,1,4
K358,기타 및 상세불명의 급성 충수염,2,1,3
K4020,"재발성으로 명시되어 있지 않은, 폐색 또는 괴저가 없는 양쪽 사타구니탈장",2,1,3
K4090,"재발성으로 명시되어 있지 않은, 폐색 또는 괴저가 없는 한쪽 또는 상세불명의 사타구니탈장",46,29,75
K4091,"재발성, 폐색 또는 괴저가 없는 한쪽 또는 상세불명의 사타구니탈장",1,0,1
K429,폐색 또는 괴저가 없는 배꼽탈장,2,1,3
K5099,"상세불명의 크론병, 상세불명",1,0,1
K514,염증성 폴립,0,1,1
K529,상세불명의 비감염성 위장염 및 결장염,6,2,8
K559,장의 상세불명의 혈관장애,2,0,2
K560,마비성 장폐색증,3,0,3
K565,폐색을 동반한 장유착[띠],3,2,5
K566,기타 및 상세불명의 장폐색,2,0,2
K567,상세불명의 장폐색증,9,3,12
K5732,"출혈을 동반하지 않은 천공 또는 농양이 없는 대장의 게실병, 게실염",2,1,3
K5792,"출혈을 동반하지 않은 천공 또는 농양이 없는 상세불명 부분의 장의 게실병, 게실염",0,1,1
K582,변비 위주의 과민대장증후군 [IBS-C] ,1,0,1
K583,혼합형 과민대장증후군 [IBS-M] ,0,1,1
K588,기타 및 상세불명 유형의 과민대장 증후군 ,3,3,6
K5900,서행성 변비,1,0,1
K5909,기타 및 상세불명 변비,12,4,16
K591,기능성 설사,3,1,4
K599,상세불명의 기능성 장장애,4,2,6
K603,항문루,1,0,1
K605,항문직장루,1,0,1
K610,항문농양,1,0,1
K625,항문 및 직장의 출혈,0,1,1
K629,항문 및 직장의 상세불명 질환,4,3,7
K635,결장의 폴립,43,12,55
K639,장의 상세불명 질환,3,4,7
K640,1도 치핵,1,0,1
K648,기타 명시된 치핵,5,3,8
K668,복막의 기타 명시된 장애,1,0,1
K7010,복수를 동반하지 않은 알코올성 간염,3,4,7
K7030,복수를 동반하지 않은 알코올성 간경변증,1,0,1
K709,상세불명의 알코올성 간질환,2,3,5
K7200,혼수를 동반하지 않은 급성 및 아급성 간부전,2,1,3
K7290,혼수를 동반하지 않은 상세불명의 간부전,1,0,1
K739,상세불명의 만성 간염,4,5,9
K7419,"간경화증,상세불명",1,1,2
K7429,"간경화증을 동반한 간섬유증, 상세불명",0,2,2
K7469,"간의 기타 및 상세불명의 경변증,상세불명",8,6,14
K750,간의 농양,4,1,5
K759,상세불명의 염증성 간질환,2,2,4
K760,달리 분류되지 않은 지방(변화성)간,3,3,6
K8000,폐색의 언급이 없는 급성 담낭염을 동반한 담낭의 결석,1,1,2
K8001,폐색을 동반한 급성 담낭염을 동반한 담낭의 결석,1,0,1
K8010,폐색의 언급이 없는 기타 담낭염을 동반한 담낭의 결석,19,15,34
K8020,폐색의 언급이 없는 담낭염이 없는 담낭의 결석,3,0,3
K8030,폐색의 언급이 없는 담관염을 동반한 담관 결석,4,0,4
K8031,폐색을 동반한 담관염을 동반한 담관 결석,1,0,1
K8040,폐색의 언급이 없는 담낭염을 동반한 담관결석,0,1,1
K8050,폐색의 언급이 없는 담관염 또는 담낭염이 없는 담관결석,5,1,6
K8080,폐색의 언급이 없는 기타 담석증 ,1,1,2
K810,급성 담낭염,10,1,11
K811,만성 담낭염,3,0,3
K819,상세불명의 담낭염,2,0,2
K821,담낭의 수종,1,0,1
K8280,담낭 또는 담낭관의 폴립,3,3,6
K830,담관염,3,2,5
K839,담도의 상세불명의 질환,2,0,2
K8519,"담도 급성 췌장염, 상세불명",0,1,1
K8580,"기타 급성 췌장염, 경증",1,1,2
K8589,"기타 급성 췌장염, 상세불명",2,1,3
K8590,"상세불명의 급성 췌장염, 경도",1,0,1
K8591,"상세불명의 급성 췌장염, 중도 중증",0,1,1
K8599,"상세불명의 급성 췌장염, 상세불명",2,0,2
K860,알코올유발 만성 췌장염,2,3,5
K861,기타 만성 췌장염,1,2,3
K862,췌장의 낭,0,2,2
K869,췌장의 상세불명의 질환,2,1,3
K911,위수술후증후군,5,0,5
K920,토혈,2,0,2
K921,흑색변,10,2,12
K922,상세불명의 위장출혈,11,3,14
L0230,둔부의 피부농양,0,1,1
L0301,발가락의 연조직염,1,0,1
L0310,팔의 연조직염,4,0,4
L0311,다리의 연조직염,10,2,12
L032,얼굴의 연조직염,2,1,3
L0335,둔부의 연조직염,1,0,1
L039,상세불명의 연조직염,1,1,2
L089,피부 및 피하조직의 상세불명의 국소감염,1,0,1
L409,상세불명의 건선,1,0,1
L600,내향성 손발톱,3,0,3
L720,표피낭,6,0,6
L729,피부 및 피하조직의 상세불명의 모낭낭,1,0,1
L84,티눈 및 굳은살,3,0,3
L899,상세불명의 욕창궤양 및 압박부위,0,1,1
L929,피부 및 피하조직의 상세불명의 육아종성 장애,0,1,1
M0099,"상세불명의 화농성 관절염, 상세불명 부분",6,1,7
M0509,"펠티증후군, 상세불명 부분",1,0,1
M05840,"경도 기타 혈청검사양성 류마티스관절염, 손",3,0,3
M0609,"혈청검사음성 류마티스관절염, 상세불명 부분",1,0,1
M1000,"특발성 통풍, 여러 부위",1,0,1
M1090,"상세불명의 통풍, 여러 부위",1,0,1
M1099,"상세불명의 통풍, 상세불명 부분",3,1,4
M1314,"달리 분류되지 않은 단일관절염, 손",1,0,1
M1381,"기타 명시된 관절염, 어깨부분",1,0,1
M1384,"기타 명시된 관절염, 손",2,0,2
M1394,"상세불명의 관절염, 손",0,1,1
M1399,"상세불명의 관절염, 상세불명 부분",1,0,1
M150,원발성 전신(골)관절증,16,1,17
M158,기타 다발관절증,1,0,1
M160,양쪽 원발성 고관절증,1,0,1
M169,상세불명의 고관절증,8,0,8
M170,양쪽 원발성 무릎관절증,3,3,6
M171,기타 원발성 무릎관절증,5,3,8
M179,상세불명의 무릎관절증,45,62,107
M1927,"기타 이차성 관절증, 발목 및 발",1,0,1
M1991,"상세불명의 관절증, 어깨부분",2,0,2
M1999,"상세불명의 관절증, 상세불명 부분",6,0,6
M2008,손가락의 기타 변형,1,0,1
M201,외반무지(후천성),2,0,2
M202,강직무지,1,0,1
M222,무릎뼈대퇴골의 장애,2,0,2
M2329,"오래된 찢김 또는 손상으로 인한 반달연골의 장애, 상세불명의 연골 또는 인대",1,0,1
M2339,"기타 반달연골장애, 상세불명의 연골 또는 인대",1,0,1
M2381,"무릎의 기타 내부장애, 내측반달연골",3,0,3
M2391,"무릎의 상세불명의 내부장애, 내측반달연골",1,1,2
M2393,"무릎의 상세불명의 내부장애, 전십자인대",1,0,1
M2398,"무릎의 상세불명의 내부장애, 기타 무릎 구조물",6,10,16
M2415,"기타 관절연골장애, 골반 부분 및 대퇴",3,0,3
M2599,"상세불명의 관절장애, 상세불명 부분",2,0,2
M3521,위장증상을 동반한 베체트병,3,0,3
M4125,"기타 특발성 척주측만증, 흉요추부",0,1,1
M4306,"척추분리증, 요추부",12,1,13
M4309,"척추분리증, 상세불명의 부위",0,1,1
M4316,"척추전방전위증, 요추부",27,14,41
M4317,"척추전방전위증, 요천부",7,1,8
M4319,"척추전방전위증, 상세불명의 부위",17,6,23
M4322,"척추의 기타 유합, 경부",3,0,3
M4326,"척추의 기타 유합, 요추부",18,2,20
M456,"강직척추염, 요추부",1,0,1
M459,"강직척추염, 상세불명의 부위",1,0,1
M4659,"기타 감염성 척추병증, 상세불명의 부위",5,2,7
M4786,"기타 척추증, 요추부",5,0,5
M4789,"기타 척추증, 상세불명의 부위",21,12,33
M4790,"상세불명의 척추증, 척추의 여러 부위",1,0,1
M4791,"상세불명의 척추증, 후두환축부",1,0,1
M4792,"상세불명의 척추증, 경부",2,0,2
M4795,"상세불명의 척추증, 흉요추부",2,0,2
M4796,"상세불명의 척추증, 요추부",38,6,44
M4797,"상세불명의 척추증, 요천부",4,0,4
M4799,"상세불명의 척추증, 상세불명의 부위",30,9,39
M4802,"척추협착, 경부",7,0,7
M4803,"척추협착, 경흉추부",1,0,1
M4804,"척추협착, 흉추부",8,2,10
M4806,"척추협착, 요추부",465,58,523
M4807,"척추협착, 요천부",35,1,36
M4809,"척추협착, 상세불명의 부위",15,1,16
M4812,"강직성 과다골화증[포레스티어], 경부",3,0,3
M4826,"키스척추, 요추부",2,0,2
M4882,"기타 명시된 척추병증, 경부",7,0,7
M4889,"기타 명시된 척추병증, 상세불명의 부위",3,0,3
M500,척수병증을 동반한 경추간판장애(G99.2*),28,2,30
M501,신경뿌리병증을 동반한 경추간판장애,78,7,85
M502,기타 경추간판전위,2,0,2
M509,상세불명의 경추간판장애,4,0,4
M510,척수병증을 동반한 요추 및 기타 추간판장애(G99.2*),1,0,1
M511,신경뿌리병증을 동반한 요추 및 기타 추간판장애(G55.1*),262,47,309
M512,기타 명시된 추간판전위,1,0,1
M519,상세불명의 추간판장애,4,1,5
M5326,"척추불안정, 요추부",31,12,43
M5329,"척추불안정, 상세불명의 부위",2,2,4
M5416,"신경뿌리병증, 요추부",2,1,3
M5419,"신경뿌리병증, 상세불명의 부위",16,16,32
M5429,"경추통, 상세불명의 부위",8,1,9
M5456,"요통, 요추부",10,0,10
M5457,"요통, 요천부",3,0,3
M5459,"요통, 상세불명의 부위",10,2,12
M6009,"감염성 근염, 상세불명 부분",1,0,1
M638,달리 분류된 질환에서의 근육의 기타 장애,1,0,1
M6521,"석회성 힘줄염, 어깨부분",1,0,1
M6539,"결절성 힘줄병, 상세불명 부분",2,1,3
M6590,"상세불명의 윤활막염 및 힘줄윤활막염, 여러 부위",0,1,1
M6740,"결절종, 여러 부위",0,1,1
M6749,"결절종, 상세불명 부분",1,0,1
M702,주두윤활낭염,2,0,2
M712,오금의 윤활막낭[베이커],1,3,4
M7159,"달리 분류되지 않은 기타 윤활낭염, 상세불명 부분",2,0,2
M720,손바닥근막성 섬유종증(뒤퓌트랑),1,2,3
M72960,"근막염 NOS, 아래다리",1,0,1
M751,회전근개증후군,45,33,78
M754,어깨의 충격증후군,4,2,6
M771,외측상과염,3,0,3
M79180,"근근막통증후군, 기타 부분",2,1,3
M7950,"연조직내의 잔류이물, 여러 부위",1,0,1
M7970,"섬유근통, 여러 부위",6,0,6
M7978,"섬유근통, 기타 부분",5,0,5
M7979,"섬유근통, 상세불명 부분",1,0,1
M8080,"병적 골절을 동반한 기타 골다공증, 여러 부위",1,0,1
M8190,"상세불명의 골다공증, 여러 부위",19,8,27
M8199,"상세불명의 골다공증, 상세불명 부분",6,1,7
M8280,"달리 분류된 기타 질환에서의 골다공증, 여러 부위",3,0,3
M8627,"아급성 골수염, 발목 및 발",6,0,6
M8636,"만성 다초점 골수염, 아래다리",0,1,1
M8637,"만성 다초점 골수염, 발목 및 발",1,0,1
M8795,"상세불명의 골괴사, 골반 부분 및 대퇴",1,1,2
M8799,"상세불명의 골괴사, 상세불명 부분",1,0,1
M88503,지방육종 NOS,1,0,1
M8908,"통증신경디스트로피, 기타 부분",2,0,2
M89823,근상피성 암종,1,0,1
M9488,"연골의 기타 명시된 장애, 기타 부분",1,0,1
M959,근골격계통의 상세불명의 후천성 변형,1,0,1
M961,달리 분류되지 않은 척추후궁절제후증후군,169,18,187
N10,급성 세뇨관-간질신장염,3,5,8
N111,만성 폐색성 신우신염,0,1,1
N179,상세불명의 급성 신부전,10,1,11
N182,만성 신장병(2기),1,0,1
N183,만성 신장병(3기),1,2,3
N184,만성 신장병(4기),6,1,7
N185,만성 신장병(5기),24,0,24
N189,상세불명의 만성 신장병,19,6,25
N19,상세불명의 신부전,2,0,2
N201,요관의 결석,3,1,4
N210,방광의 결석,6,1,7
N258,신세뇨관기능손상으로 인한 기타 장애,1,0,1
N300,급성 방광염,1,0,1
N308,기타 방광염,1,0,1
N309,상세불명의 방광염,1,0,1
N318,방광의 기타 신경근육기능장애,1,0,1
N319,방광의 상세불명의 신경근육기능장애,26,5,31
N320,방광경부폐색,1,0,1
N359,상세불명의 요도협착,8,2,10
N390,부위가 명시되지 않은 요로감염,4,4,8
N3948,기타 명시된 요실금,15,0,15
N400,합병증을 동반하지 않은 전립선증식증,64,30,94
N401,요로 폐색을 동반한 전립선증식증,25,20,45
N403,요로 폐색 및 혈뇨를 동반한 전립선증식증,1,0,1
N408,기타 합병증을 동반한 전립선증식증,110,103,213
N410,급성 전립선염,3,2,5
N411,만성 전립선염,2,1,3
N412,전립선의 농양,0,1,1
N413,전립선방광염,1,0,1
N433,상세불명의 음낭수종,1,0,1
N434,정액류,1,0,1
N4590,농양을 동반하지 않은 부고환염,1,0,1
N484,기질적 원인에 의한 발기부전,5,0,5
N498,기타 명시된 남성생식기관의 염증성 장애,1,0,1
N882,자궁경부의 협착,0,1,1
Q668,발의 기타 선천변형,3,0,3
R001,상세불명의 서맥,2,0,2
R002,두근거림,0,1,1
R011,상세불명의 심잡음,0,1,1
R02,달리 분류되지 않은 괴저,2,0,2
R040,코피,2,0,2
R042,객혈,2,2,4
R05,기침,1,0,1
R060,호흡곤란,11,6,17
R071,숨쉴때의 흉통,0,1,1
R073,기타 흉통,2,0,2
R074,상세불명의 흉통,11,3,14
R093,이상가래,1,0,1
R0988,순환계통 및 호흡계통의 기타 명시된 증상 및 징후,0,1,1
R100,급성 복증,1,0,1
R1012,명치통증,2,1,3
R1030,우하복부통증,2,0,2
R1039,상세불명의 하복부통증,0,1,1
R1049,상세불명의 복통,5,1,6
R111,구역,1,0,1
R113,구토를 동반한 구역,0,1,1
R13,삼킴곤란,1,0,1
R15,대변실금,1,0,1
R170,황달을 동반한 달리 분류되지 않은 과빌리루빈혈증,1,0,1
R190,"복강내 및 골반의 부기, 종괴 및 덩이",1,0,1
R268,보행 및 이동의 기타 및 상세불명 이상,3,1,4
R310,육안적 혈뇨,1,0,1
R318,기타 및 상세불명의 혈뇨,0,1,1
R33,소변정체,2,0,2
R352,기타 야간뇨,1,0,1
R42,어지럼증 및 어지럼,9,3,12
R471,구음장애 및 무조음증,1,0,1
R5090,불명열[FUO],3,1,4
R5099,상세불명의 열,1,0,1
R51,두통,2,1,3
R520,급성 통증,1,3,4
R529,상세불명의 통증,0,1,1
R53,병감 및 피로,13,2,15
R550,혈관미주신경성 실신,1,0,1
R558,기타 실신 및 허탈,4,4,8
R568,기타 및 상세불명의 경련,2,1,3
R572,패혈성 쇼크,2,0,2
R58,달리 분류되지 않은 출혈,0,1,1
R609,상세불명의 부종,3,8,11
R634,이상체중감소,0,2,2
R688,기타 명시된 전신 증상 및 징후,1,0,1
R69,미상 및 상세불명의 병인,4,0,4
R739,상세불명의 고혈당증,4,0,4
R91,폐의 진단영상검사상 이상소견,1,1,2
R938,기타 명시된 신체구조의 진단영상검사상 이상소견,3,0,3
R943,심혈관기능검사의 이상결과,0,1,1
R945,간기능검사의 이상결과,1,0,1
S010,두피의 열린상처,2,1,3
S011,눈꺼풀 및 눈주위의 열린상처,1,0,1
S0140,볼의 열린상처,1,0,1
S0290,"두개골 및 안면골의 상세불명 부분의 골절, 폐쇄성",1,0,1
S0600,열린 두개내상처가 없는 진탕,4,0,4
S0620,열린 두개내상처가 없는 미만성 뇌손상,3,1,4
S0640,열린 두개내상처가 없는 경막외출혈,1,0,1
S0650,열린 두개내상처가 없는 외상성 경막하출혈,8,2,10
S0651,열린 두개내상처가 있는 외상성 경막하출혈,5,3,8
S0660,열린 두개내상처가 없는 외상성 거미막하출혈,1,0,1
S0661,열린 두개내상처가 있는 외상성 거미막하출혈,1,0,1
S0680,열린 두개내상처가 없는 기타 두개내손상,1,0,1
S0681,열린 두개내상처가 있는 기타 두개내손상,4,0,4
S1210,"제2경추의 골절, 폐쇄성",3,0,3
S1220,"기타 명시된 경추의 골절, 폐쇄성",1,0,1
S134,경추의 염좌 및 긴장,4,0,4
S141,경부척수의 기타 및 상세불명의 손상,1,0,1
S22050,"T7 및 T8 부위의 골절, 폐쇄성",1,0,1
S22060,"T9 및 T10 부위의 골절, 폐쇄성",2,2,4
S22070,"T11 및 T12 부위의 골절, 폐쇄성",25,9,34
S22330,"제1늑골 이외 단일 늑골의 골절,폐쇄성",0,2,2
S22390,"상세불명 늑골의 단일 골절,폐쇄성",1,0,1
S22460,"제1늑골을 침범하지 않은 다발골절, 폐쇄성",0,1,1
S22490,"상세불명 늑골의 다발골절, 폐쇄성",5,1,6
S300,아래등 및 골반의 타박상,0,1,1
S32020,"L1 부위의 골절, 폐쇄성",22,16,38
S32030,"L2 부위의 골절, 폐쇄성",10,12,22
S32040,"L3 부위의 골절, 폐쇄성",10,5,15
S32050,"L4 부위의 골절, 폐쇄성",8,5,13
S32060,"L5 부위의 골절, 폐쇄성",2,0,2
S32090,"요추의 상세불명 부위의 골절, 폐쇄성",0,1,1
S3210,"천골(薦骨)의 골절, 폐쇄성",0,1,1
S3350,요추의 염좌 및 긴장,11,2,13
S3351,요천추[관절][인대]의 염좌 및 긴장,0,1,1
S337,요추 및 골반의 기타 및 상세불명 부분의 염좌 및 긴장,0,1,1
S400,어깨 및 위팔의 타박상,0,1,1
S42040,"쇄골 몸통의 골절, 폐쇄성",2,0,2
S42050,"쇄골 견봉단의 골절, 폐쇄성",2,0,2
S42220,"상완골 머리의 골절, 폐쇄성 ",2,0,2
S42230,"상완골 외과목의 골절, 폐쇄성 ",2,0,2
S42290,"상완골 상단의 상세불명 부분의 골절, 폐쇄성 ",0,1,1
S4230,"상완골 몸통의 골절,  폐쇄성",1,2,3
S434,어깨관절의 염좌 및 긴장,0,1,1
S437,견갑대의 기타 및 상세불명 부분의 염좌 및 긴장,0,1,1
S4600,"어깨의 회전근개의 근육 및 힘줄의 손상, 열상",74,27,101
S4608,"어깨의 회전근개의 근육 및 힘줄의 손상, 기타 및 상세불명의 손상",23,2,25
S52020,"척골 주두돌기의 골절, 폐쇄성",1,1,2
S52120,"요골 머리의 골절, 폐쇄성",3,5,8
S5220,"척골 몸통의 골절, 폐쇄성",0,2,2
S5230,"요골 몸통의 골절, 폐쇄성",0,2,2
S52520,"등쪽 경사를 동반한 요골 하단의 골절, 폐쇄성",3,5,8
S52590,"요골 하단의 상세불명 골절, 폐쇄성",1,2,3
S5640,"아래팔 부위의 기타 손가락의 신근 및 힘줄의 손상, 열상",1,1,2
S599,아래팔의 상세불명 손상,1,0,1
S62220,"제1중수골 바닥의 골절, 폐쇄성",1,0,1
S62390,"중수골의 상세불명 부분의 골절, 폐쇄성",0,1,1
S62690,"손가락뼈의 상세불명 부분의 골절, 폐쇄성",4,0,4
S6309,손목의 상세불명 부분의 탈구,1,0,1
S700,엉덩이의 타박상,1,0,1
S72060,"대퇴골 경부바닥의 골절, 폐쇄성",2,2,4
S72080,"기타 대퇴골 경부 부분의 골절, 폐쇄성",10,3,13
S72090,"대퇴골 경부의 상세불명 부분의 골절, 폐쇄성",1,0,1
S72120,"대퇴골전자간골절, 폐쇄성",7,3,10
S72190,"대퇴골전자부의 상세불명 골절, 폐쇄성",0,1,1
S7220,"전자하골절, 폐쇄성",1,0,1
S7290,"대퇴골의 상세불명 부분의 골절, 폐쇄성",0,1,1
S800,무릎의 타박상,0,1,1
S8200,"무릎뼈의 골절, 폐쇄성",0,1,1
S82180,"경골 상단의 기타 골절, 폐쇄성",2,1,3
S82220,"비골골절(모든 부분)을 동반한 경골 몸통의 골절, 폐쇄성",0,1,1
S82280,"경골 몸통의 기타 골절, 폐쇄성",1,0,1
S82320,"비골 골절(모든 부분)을 동반한 경골 하단의 골절, 폐쇄성",1,2,3
S82440,"비골만의 다발골절, 폐쇄성",0,1,1
S82480,"비골의 기타 및 상세불명 부분의 골절, 폐쇄성",1,2,3
S8250,"안쪽복사의 골절, 폐쇄성",1,0,1
S8260,"외측복사의 골절, 폐쇄성",0,1,1
S82820,"양측 복사 골절, 발목, 폐쇄성",0,1,1
S8320,내측반달연골의 찢김,2,0,2
S833,현존 무릎관절연골의 찢김,1,0,1
S8349,상세불명의 측부인대의 염좌 및 긴장,1,0,1
S8352,전십자인대의 파열,2,1,3
S9200,"종골의 골절, 폐쇄성",1,2,3
S9230,"중족골의 골절, 폐쇄성",2,2,4
S9240,"엄지발가락 골절, 폐쇄성",1,0,1
S932,발목 및 발 부위의 인대의 파열,1,0,1
S9342,경골비골(인대)의 염좌 및 긴장,1,0,1
S997,발목 및 발의 다발손상,1,0,1
T009,상세불명의 여러 부위의 표재성 손상,0,1,1
T080,"상세불명 부위의 척추의 골절, 폐쇄성",2,1,3
T093,척수의 상세불명 부위의 손상,1,1,2
T140,상세불명의 신체부위의 표재성 손상,0,1,1
T141,상세불명의 신체부위의 열린상처,4,0,4
T143,"상세불명의 신체부위의 탈구, 염좌 및 긴장",2,0,2
T172,인두의 이물,1,0,1
T2431,"발목 및 발을 제외한 엉덩이 및 다리의 3도 화상, 무릎 ",1,0,1
T250,발목 및 발의 상세불명 정도의 화상,1,0,1
T253,발목 및 발의 3도 화상,1,0,1
T300,상세불명 정도의 상세불명 신체부위의 화상,1,0,1
T302,상세불명 신체부위의 2도 화상,3,0,3
T782,상세불명의 아나필락시스쇼크,1,0,1
T796,외상성 근육허혈,1,0,1
T810,달리 분류되지 않은 처치에 합병된 출혈 및 혈종,3,0,3
T814,달리 분류되지 않은 처치에 따른 감염,2,2,4
T840,내부인공관절의 기계적 합병증,3,0,3
T844,"기타 내부 정형외과적 장치, 삽입물 및 이식편의 기계적 합병증",3,0,3
T845,내부인공관절에 의한 감염 및 염증반응,1,1,2
T847,"기타 내부 정형외과적 인공삽입장치, 삽입물 및 이식편에 의한 감염 및 염증반응",0,2,2
T875,절단잘린끝의 괴사,4,0,4
T876,절단잘린끝의 기타 및 상세불명의 합병증,0,2,2
T887,약물 또는 약제의 상세불명의 유해작용,1,0,1
V031,"교통사고에서 승용차, 픽업트럭 또는 밴과 충돌로 다친 보행자 ",1,1,2
V091,상세불명의 비교통 사고에서 다친 보행자,0,2,2
V189,교통사고에서 비충돌 운수사고에서 다친 상세불명의 자전거 탑승자 ,1,0,1
V280,비교통 사고에서 비충돌 운수사고에서 다친 모터사이클 운전자,0,1,1
V439,"교통사고에서 승용차, 픽업트럭 또는 밴과 충돌로 다친 상세불명의 승용차 탑승자 ",0,1,1
W010,"미끄러짐, 걸림 및 헛디딤에 의한 동일 면상에서의 낙상, 주택 ",2,0,2
W011,"미끄러짐, 걸림 및 헛디딤에 의한 동일 면상에서의 낙상, 집단 거주시설 ",0,44,44
W012,"미끄러짐, 걸림 및 헛디딤에 의한 동일 면상에서의 낙상, 학교, 기타 시설 및 공공행정 구역 ",1,0,1
W013,"미끄러짐, 걸림 및 헛디딤에 의한 동일 면상에서의 낙상, 운동 및 경기장 ",1,0,1
W017,"미끄러짐, 걸림 및 헛디딤에 의한 동일 면상에서의 낙상, 농장 ",1,0,1
W018,"미끄러짐, 걸림 및 헛디딤에 의한 동일 면상에서의 낙상, 기타 명시된 장소 ",3,0,3
W019,"미끄러짐, 걸림 및 헛디딤에 의한 동일 면상에서의 낙상, 상세불명 장소 ",0,1,1
W108,"계단에서의 낙상, 기타 명시된 장소 ",1,0,1
W109,"계단에서의 낙상, 상세불명 장소 ",1,0,1
W119,"사다리에서의 낙상, 상세불명 장소 ",1,0,1
W149,"나무에서의 낙상, 상세불명 장소 ",1,0,1
W170,"기타 한면에서 다른 면으로 넘어짐, 주택",1,0,1
W180,"동일면상에서 기타 넘어짐, 주택",9,0,9
W188,"동일면상에서 기타 넘어짐, 기타 명시된 장소 ",1,0,1
W190,"상세불명의 낙상, 주택",2,0,2
W198,"상세불명의 낙상, 기타 명시된 장소 ",1,0,1
W220,"다른 물체에 의한 타격, 주택 ",1,0,1
Y835,처치 당시에는 재난에 대한 언급이 없었으나 환자의 이상반응 또는 이후 합병증의 원인이 된 사지의 절단,0,1,1
Z008,기타 일반검사,30,1,31
Z098,기타 병태에 대한 기타 치료후 추적검사,1,0,1
Z450,심장장치의 조정 및 관리를 위하여 보건서비스와 접하고 있는 사람,5,1,6
Z470,골절판 및 기타 내부고정장치의 제거를 포함한 추적치료를 위하여 보건서비스와 접하고 있는 사람,10,4,14
Z871,소화계통질환의 개인력,1,0,1
Z944,간이식상태,2,0,2
Z950,심장전자장치의 존재,3,3,6
Z951,대동맥관상동맥우회로이식편의 존재,5,0,5
Z952,인공심장판막의 존재,4,0,4
Z954,기타 심장판막대치물의 존재,1,0,1
Z955,관상동맥혈관성형 삽입물 및 이식편의 존재,5,0,5
Z961,안구내렌즈의 존재,0,15,15
U071,바이러스가 확인된 코로나바이러스 질환 2019 [바이러스가 확인된 코로나-19],34,28,62
U099,상세불명의 코로나-19 이후 병태,2,2,4
U8280,카바페넴계내성,5,0,5
